giusti  4158
errati  662
rate    86.2655601659751
confusion_matrix
 [[ 597.    0.    0.    0.    0.    0.    0.    0.    0.    1.    0.]
 [   0.  274.  212.    0.    0.    0.    0.    0.    0.    0.    0.]
 [   0.    0.  701.    0.    0.    0.    0.    0.    0.    0.    0.]
 [   0.    0.    0.  172.    0.    0.    0.    0.    0.    0.    0.]
 [   0.    0.    0.   46.  389.    0.    0.    0.    0.    0.    0.]
 [   0.    0.    0.    0.    0.  189.    0.    0.    0.    2.   40.]
 [   0.    0.    0.    0.    0.    0.  261.    0.    0.    0.    0.]
 [   0.    0.    0.    0.    0.    0.    0.  769.    0.    0.    0.]
 [   0.    0.    0.    0.    0.    0.    0.    0.  333.    0.    0.]
 [   0.    0.    0.    0.    0.    6.    0.    0.    0.  344.   36.]
 [   0.    0.    0.    0.    0.  318.    0.    0.    0.    1.  129.]]
66789.15user 1217.96system 17:41:39elapsed 106%CPU (0avgtext+0avgdata 1067136maxresident)k
0inputs+304outputs (0major+99032170minor)pagefaults 0swaps
