giusti  4068
errati  752
rate    84.39834024896265
confusion_matrix
 [[ 597.    0.    0.    0.    0.    0.    0.    0.    0.    1.    0.]
 [   0.  271.  215.    0.    0.    0.    0.    0.    0.    0.    0.]
 [   0.    2.  699.    0.    0.    0.    0.    0.    0.    0.    0.]
 [   0.    0.    0.  168.    4.    0.    0.    0.    0.    0.    0.]
 [   0.    0.    0.   18.  417.    0.    0.    0.    0.    0.    0.]
 [   0.    0.    0.    0.    0.  173.    0.    0.    0.   58.    0.]
 [   0.    0.    0.    0.    0.    0.  261.    0.    0.    0.    0.]
 [   0.    0.    0.    0.    0.    0.    0.  769.    0.    0.    0.]
 [   0.    0.    0.    0.    0.    0.    0.    0.  333.    0.    0.]
 [   0.    0.    0.    0.    0.    6.    0.    0.    0.  380.    0.]
 [   0.    0.    0.    0.    0.  429.    0.    0.    0.   19.    0.]]
73431.56user 2075.76system 18:11:55elapsed 115%CPU (0avgtext+0avgdata 1428488maxresident)k
0inputs+304outputs (0major+157165862minor)pagefaults 0swaps
