1.19026;0.5
0.740841;0.566667
2.21974;0.666667
0.555167;0.833333
0.658661;0.8
0.876763;0.766667
0.559929;0.766667
1.94345;0.666667
0.510306;0.8
1.43664;0.766667
0.825976;0.766667
0.446477;0.8
0.410047;0.766667
0.952225;0.766667
1.04112;0.766667
0.726146;0.766667
1.13029;0.633333
0.530931;0.8
0.460197;0.8
1.23245;0.766667
0.489878;0.833333
1.28482;0.5
2.17812;0.4
1.88834;0.6
0.937556;0.666667
1.20264;0.7
1.50069;0.433333
3.25979;0.4
0.737794;0.766667
1.58783;0.4
1.15499;0.633333
1.04178;0.5
1.02953;0.533333
0.858547;0.666667
0.80584;0.766667
0.767431;0.733333
0.767667;0.7
0.706066;0.7
0.671293;0.766667
0.668373;0.766667
0.640443;0.766667
0.623307;0.8
0.603975;0.766667
0.599947;0.833333
0.580413;0.8
0.582651;0.766667
1.07295;0.533333
0.959284;0.633333
1.12645;0.433333
0.92991;0.5
0.861927;0.633333
0.805463;0.633333
0.766175;0.666667
0.701147;0.8
0.689756;0.733333
0.681543;0.8
0.638929;0.8
0.59488;0.8
0.584399;0.833333
0.571162;0.8
0.607813;0.8
0.542455;0.8
1.06568;0.5
0.94921;0.533333
0.872647;0.8
0.786785;0.8
0.744516;0.8
0.743953;0.766667
0.67703;0.8
0.660318;0.8
0.630938;0.8
0.6264;0.8
0.609863;0.833333
0.585075;0.8
0.571892;0.8
0.576931;0.8
0.570031;0.8
0.938812;0.533333
0.896603;0.6
0.813169;0.766667
0.882919;0.666667
0.759555;0.766667
0.782233;0.633333
0.683286;0.8
0.674509;0.8
0.661168;0.766667
0.634724;0.8
0.720059;0.633333
0.619668;0.8
0.602993;0.8
0.680661;0.633333
0.622832;0.766667
