1.09865;0.368421
1.06812;0.473684
1.12234;0.210526
1.07279;0.421053
1.13757;0.368421
1.17016;0.421053
1.15481;0.210526
1.07719;0.421053
1.08529;0.526316
1.15486;0.421053
1.2034;0.368421
1.14039;0.368421
1.05176;0.421053
1.12432;0.526316
1.31434;0.315789
1.27151;0.210526
1.18468;0.210526
1.28401;0.315789
1.182;0.368421
1.23802;0.263158
1.19521;0.263158
1.04536;0.473684
1.25093;0.210526
1.14905;0.473684
1.03418;0.631579
1.23603;0.210526
1.07473;0.473684
1.08346;0.421053
1.07833;0.315789
1.08064;0.421053
1.15374;0.368421
1.115;0.473684
1.11661;0.368421
1.12576;0.421053
1.05374;0.473684
1.05476;0.368421
1.22308;0.210526
1.05941;0.368421
1.03404;0.315789
1.14634;0.315789
0.975154;0.526316
0.987718;0.473684
1.0249;0.421053
1.03385;0.526316
1.08754;0.421053
1.16124;0.263158
1.15434;0.210526
1.12019;0.473684
1.18239;0.368421
1.14832;0.368421
1.27127;0.263158
1.1436;0.368421
1.13313;0.157895
1.16156;0.263158
1.21967;0.315789
1.14663;0.210526
1.08249;0.368421
1.11709;0.210526
1.20341;0.263158
1.104;0.421053
1.1216;0.473684
1.10508;0.421053
1.20708;0.368421
1.09658;0.315789
1.18298;0.315789
1.11511;0.473684
1.07015;0.473684
1.05444;0.526316
1.07761;0.473684
1.13335;0.368421
1.17873;0.263158
1.02697;0.578947
1.08665;0.263158
1.07793;0.421053
1.20897;0.263158
1.04968;0.368421
1.07744;0.368421
1.13642;0.473684
1.08063;0.368421
1.0732;0.421053
1.19041;0.210526
1.16736;0.263158
1.07223;0.578947
1.14786;0.315789
1.15789;0.105263
1.12278;0.473684
1.06447;0.473684
1.15495;0.421053
1.08999;0.315789
1.10463;0.263158
1.08456;0.421053
1.18704;0.315789
1.06545;0.473684
1.04573;0.526316
1.21652;0.368421
1.1573;0.473684
1.09497;0.368421
1.08913;0.421053
1.23339;0.368421
1.98481;0.105263
1.33978;0.526316
1.9746;0.421053
1.57553;0.473684
1.89119;0.315789
2.00015;0.315789
1.89098;0.263158
2.15171;0.263158
2.41952;0.210526
1.90412;0.315789
1.40837;0.578947
1.99276;0.210526
1.57966;0.421053
2.02199;0.263158
2.1238;0.263158
1.69271;0.368421
1.71563;0.315789
