1.1335;0.25
1.10273;0.166667
1.31345;0.166667
1.31281;0.166667
1.31219;0.166667
1.31162;0.166667
1.31102;0.166667
1.3105;0.166667
1.49475;0.25
1.45388;0.166667
1.41794;0.166667
1.38428;0.0833333
1.35319;0.0833333
1.33025;0.166667
1.30561;0.166667
1.28137;0.166667
1.26583;0.166667
1.24594;0.166667
1.22844;0.166667
1.22072;0.166667
1.21015;0.166667
1.19655;0.166667
1.18972;0.166667
1.17932;0.166667
1.17564;0.166667
1.1687;0.166667
1.161;0.166667
1.1574;0.166667
1.15427;0.166667
1.14941;0.166667
1.14219;0.166667
1.28899;0.333333
1.07598;0.583333
1.04049;0.583333
1.16342;0.25
1.11093;0.25
1.12033;0.416667
1.13737;0.333333
1.13382;0.416667
1.13127;0.416667
0.909517;0.583333
0.89676;0.666667
1.22493;0.333333
0.896976;0.666667
1.17877;0.333333
0.911023;0.666667
1.1788;0.333333
0.96586;0.416667
1.12428;0.416667
0.898051;0.583333
1.13126;0.333333
0.915219;0.583333
1.17519;0.416667
1.10549;0.25
1.05486;0.25
1.02857;0.333333
1.21806;0.333333
1.20167;0.0833333
1.21416;0.0833333
1.21758;0.25
1.17732;0.25
1.17554;0.333333
1.15108;0.333333
1.0621;0.5
1.14046;0.333333
1.01956;0.633333
1.14183;0.333333
0.989911;0.533333
1.12874;0.333333
0.965157;0.6
1.15538;0.333333
0.950331;0.7
0.91962;0.633333
0.909412;0.633333
0.890438;0.666667
0.877778;0.633333
0.864122;0.7
0.854373;0.7
0.84818;0.633333
0.831699;0.633333
0.822852;0.7
0.818716;0.7
0.807691;0.7
0.802221;0.7
0.796386;0.7
0.795278;0.633333
0.782746;0.7
0.789486;0.7
0.770881;0.7
0.768982;0.7
0.763708;0.766667
0.762645;0.766667
0.753924;0.7
1.10322;0.4
0.749895;0.7
1.04491;0.4
0.749771;0.7
0.983802;0.533333
0.746606;0.7
0.938895;0.6
0.749198;0.7
0.904448;0.6
0.737757;0.7
0.8784;0.6
0.745901;0.8
0.848478;0.6
0.734963;0.766667
0.826329;0.633333
0.728656;0.7
0.817774;0.7
0.728092;0.733333
0.793949;0.7
0.726272;0.7
0.775983;0.733333
0.721496;0.733333
0.763967;0.7
0.72589;0.733333
0.756243;0.766667
0.719073;0.7
0.743457;0.733333
0.715608;0.7
0.734738;0.733333
0.717263;0.666667
0.72795;0.733333
0.710897;0.733333
0.730012;0.766667
0.714846;0.7
0.715957;0.733333
0.711074;0.7
0.709899;0.833333
0.723183;0.666667
0.707587;0.733333
0.705187;0.7
0.713559;0.7
0.702803;0.733333
0.705661;0.7
0.709715;0.666667
0.69294;0.733333
0.700793;0.7
0.688068;0.733333
0.70085;0.7
0.686389;0.833333
0.704147;0.666667
0.682917;0.8
1.09178;0.5
1.04056;0.533333
1.03255;0.466667
0.961776;0.633333
0.917037;0.666667
0.87861;0.633333
0.848172;0.766667
