0.670107;0.847619
0.613008;0.714286
0.486067;0.847619
0.534752;0.828571
0.485014;0.828571
0.887069;0.561905
0.787746;0.857143
0.978925;0.809524
0.509784;0.828571
0.53823;0.733333
0.535204;0.828571
1.02588;0.819048
1.98734;0.561905
0.696576;0.765472
0.555271;0.837134
0.577123;0.840391
0.506571;0.843648
0.451315;0.856678
0.450328;0.85342
0.445638;0.850163
0.450444;0.850163
0.44869;0.843648
0.453854;0.840391
0.466368;0.837134
0.480801;0.846906
0.492009;0.850163
0.757724;0.745928
0.637649;0.794788
0.555647;0.843648
0.511247;0.843648
0.481812;0.846906
0.476266;0.85342
0.453817;0.863192
0.439628;0.859935
0.439591;0.863192
0.435664;0.869707
0.450392;0.86645
0.441898;0.869707
0.446789;0.872964
0.451342;0.863192
0.45633;0.872964
0.467405;0.863192
0.852808;0.570033
0.560981;0.840391
0.474124;0.850163
0.451763;0.850163
0.423396;0.85342
0.430204;0.856678
0.414764;0.846906
0.413359;0.850163
0.408283;0.850163
0.409637;0.846906
0.409685;0.846906
0.420169;0.846906
0.411675;0.850163
0.416659;0.850163
0.422759;0.859935
