2.79262;0.16
2.6365;0.08
2.48356;0.2
2.28669;0.24
2.19108;0.3
2.13519;0.28
2.05991;0.32
1.98437;0.36
2.02803;0.4
1.94389;0.36
1.93435;0.3
1.92222;0.32
1.81296;0.46
1.82293;0.38
1.83671;0.4
1.73851;0.48
1.72032;0.48
1.69763;0.52
1.63277;0.62
1.61403;0.5
2.82529;0.2
2.87857;0.157143
3.39243;0.171429
2.37065;0.228571
2.46149;0.285714
2.6614;0.2
2.88057;0.2
2.22405;0.314286
1.95881;0.314286
2.1213;0.371429
2.05734;0.342857
1.73947;0.457143
1.771;0.385714
1.61213;0.514286
1.59596;0.485714
1.53385;0.514286
1.53977;0.457143
1.45418;0.657143
1.44193;0.614286
1.39768;0.557143
2.2893;0.25
2.04103;0.3
2.60512;0.3
1.86979;0.3
1.53891;0.3
1.25317;0.5
1.07692;0.7
0.930349;0.8
0.853936;0.8
0.78385;0.8
0.729403;0.9
0.688188;0.9
2.50577;0.1
1.97453;0.2
1.60627;0.5
1.36289;0.8
1.17959;0.8
1.04129;0.8
0.928265;0.8
0.840494;1.0
0.771218;1.0
0.714486;1.0
2.33327;0.3
1.92158;0.3
1.63551;0.6
1.39733;0.6
1.2341;0.6
1.10051;0.7
1.00393;0.8
0.924221;1.0
0.860127;1.0
0.807902;1.0
1.70848;0.3
1.43867;0.3
1.28165;0.6
0.85839;0.7
0.753332;0.8
0.679747;0.8
0.599647;0.8
0.546525;0.9
0.511663;0.8
0.478863;0.9
2.35423;0.3
1.89086;0.5
1.58979;0.5
1.33085;0.6
1.16042;0.6
1.01229;0.8
0.904254;0.8
0.816974;0.9
0.746645;0.9
0.688934;0.9
2.31174;0.1
1.69491;0.4
1.42836;0.5
1.20566;0.7
1.10199;0.6
1.00043;0.8
0.934623;0.7
0.876404;0.8
0.828712;0.9
0.788613;1.0
2.71146;0.14
2.50267;0.18
2.27341;0.26
2.18453;0.22
2.03817;0.3
2.02241;0.32
1.93613;0.36
1.88994;0.34
1.92821;0.3
1.84442;0.36
2.74005;0.16
2.49833;0.24
2.30682;0.32
2.17416;0.3
2.07847;0.36
2.05317;0.32
1.91167;0.44
1.85524;0.44
1.83019;0.42
1.77504;0.4
2.87011;0.12
2.97693;0.08
2.88779;0.12
2.7759;0.16
2.80856;0.08
2.77422;0.08
