1.162835717201232910e+00
1.290237426757812500e+00
1.032777667045593262e+00
7.689390778541564941e-01
7.579074501991271973e-01
5.437085628509521484e-01
4.743112027645111084e-01
4.970569610595703125e-01
3.981674313545227051e-01
4.106957018375396729e-01
3.633651137351989746e-01
3.336709737777709961e-01
3.321515917778015137e-01
3.263565301895141602e-01
3.229631483554840088e-01
2.988333106040954590e-01
2.910485863685607910e-01
2.853366732597351074e-01
2.871693670749664307e-01
2.810829877853393555e-01
2.754909396171569824e-01
2.720425724983215332e-01
2.714963853359222412e-01
2.695878446102142334e-01
2.697262465953826904e-01
2.660518884658813477e-01
2.667118012905120850e-01
2.647425234317779541e-01
2.688249647617340088e-01
2.631151676177978516e-01
2.625319063663482666e-01
2.637637257575988770e-01
2.640145123004913330e-01
2.638745903968811035e-01
2.654334306716918945e-01
