1.16646;1.0
0.410845;1.0
0.194396;1.0
0.135329;1.0
0.105114;1.0
0.0826521;1.0
0.0729716;1.0
0.0643379;1.0
0.0594917;1.0
0.0551221;1.0
0.0518995;1.0
0.0495927;1.0
0.047366;1.0
1.91704;0.5
0.691423;1.0
0.4637;0.5
0.204939;1.0
0.170002;1.0
0.118801;1.0
0.108336;1.0
0.094511;1.0
0.083993;1.0
0.0786566;1.0
0.0736293;1.0
0.070709;1.0
0.0667928;1.0
0.0651596;1.0
1.30431;0.5
0.54224;1.0
0.177449;1.0
0.116949;1.0
0.0926221;1.0
0.0781972;1.0
0.0698741;1.0
0.0634712;1.0
0.0587816;1.0
0.0550734;1.0
0.0518394;1.0
0.0492814;1.0
0.0471326;1.0
0.0453137;1.0
0.0437994;1.0
1.07966;1.0
0.369784;1.0
0.17374;1.0
0.112119;1.0
0.0910162;1.0
0.0788494;1.0
0.0705219;1.0
0.065016;1.0
0.0586776;1.0
0.0549662;1.0
0.0509185;1.0
0.0480117;1.0
0.0455262;1.0
0.0433904;1.0
0.0419716;1.0
1.31265;1.0
0.437963;1.0
0.21042;1.0
0.140374;1.0
0.112878;1.0
0.0938;1.0
0.0812408;1.0
0.0731101;1.0
0.06686;1.0
0.0616897;1.0
0.0569347;1.0
0.0535359;1.0
0.0506731;1.0
0.0482552;1.0
0.0461933;1.0
