0.51187;0.800499
0.473273;0.77182
0.440441;0.806733
0.465441;0.802369
0.451676;0.796758
0.476694;0.795511
0.420289;0.814214
0.406936;0.831671
0.390651;0.851621
0.376067;0.862843
0.344432;0.880299
0.42542;0.841646
0.346051;0.831671
0.327937;0.881546
0.246781;0.907731
0.307085;0.869077
0.198268;0.924564
0.188448;0.930798
0.170328;0.936409
0.174134;0.942643
0.198025;0.92207
0.164919;0.933915
0.188419;0.931421
0.159767;0.94202
0.162606;0.940773
0.155484;0.943267
0.173959;0.926434
0.151173;0.945761
0.150326;0.947631
0.155575;0.948254
0.157291;0.94389
0.141253;0.949501
0.138151;0.945137
0.142175;0.947007
