0.574967;0.75
0.498735;0.796758
0.504409;0.784913
0.462004;0.791147
0.47319;0.779925
0.449998;0.794264
0.47983;0.803616
0.431618;0.804863
0.432306;0.821072
0.409027;0.818579
0.394061;0.842269
0.393585;0.842269
0.395424;0.862219
0.407604;0.818579
0.35445;0.884663
0.477799;0.839776
0.251951;0.899002
0.296621;0.894015
0.30903;0.852244
0.337561;0.817955
0.206991;0.922693
0.243907;0.900249
0.1883;0.930175
0.182559;0.944514
0.171214;0.928304
0.184969;0.930175
0.193362;0.923317
0.195411;0.914589
0.242007;0.887781
0.171254;0.929551
