1.771963000297546387e+00
1.277241230010986328e+00
9.456173181533813477e-01
7.232533693313598633e-01
5.805874466896057129e-01
4.890721142292022705e-01
4.287288784980773926e-01
3.868144154548645020e-01
3.563618063926696777e-01
3.335167467594146729e-01
3.159823417663574219e-01
3.022971749305725098e-01
2.914978563785552979e-01
2.829000055789947510e-01
2.760243415832519531e-01
2.705138325691223145e-01
2.660974562168121338e-01
2.625772356986999512e-01
2.597918510437011719e-01
2.576124072074890137e-01
2.559438943862915039e-01
2.547024786472320557e-01
2.538159191608428955e-01
2.532382309436798096e-01
2.529126107692718506e-01
2.528165876865386963e-01
2.528957426548004150e-01
2.531397640705108643e-01
2.535221874713897705e-01
2.540190517902374268e-01
