1.993114233016967773e+00
1.536302566528320312e+00
1.397003173828125000e+00
1.312452435493469238e+00
1.258741497993469238e+00
1.224150180816650391e+00
1.202172398567199707e+00
1.188880085945129395e+00
1.181753635406494141e+00
1.179099082946777344e+00
1.179738163948059082e+00
1.182818770408630371e+00
1.187708616256713867e+00
1.193933248519897461e+00
1.201118946075439453e+00
1.208984732627868652e+00
1.217299103736877441e+00
1.225884675979614258e+00
1.234592080116271973e+00
1.243305921554565430e+00
1.251934766769409180e+00
1.260406613349914551e+00
1.268657326698303223e+00
1.276650786399841309e+00
1.284349322319030762e+00
1.291728496551513672e+00
1.298770427703857422e+00
1.305462956428527832e+00
1.311807632446289062e+00
1.317796349525451660e+00
1.323441028594970703e+00
1.328743934631347656e+00
1.333712100982666016e+00
1.338359117507934570e+00
1.342694163322448730e+00
