0.863333;0.698548
1.12159;0.596266
1.3774;0.569295
2.19435;0.363636
1.56188;0.545455
1.47394;0.545455
2.52987;0.0606061
2.29606;0.151515
2.16006;0.333333
2.05402;0.333333
1.96452;0.333333
1.88667;0.454545
1.82009;0.545455
1.75954;0.545455
1.70245;0.545455
1.65545;0.606061
1.61684;0.636364
1.57555;0.636364
1.5414;0.666667
1.50809;0.69697
1.4818;0.666667
2.4909;0.0909091
2.23118;0.181818
2.06806;0.333333
1.93137;0.363636
1.82631;0.424242
1.74366;0.515152
1.66872;0.545455
1.61302;0.545455
1.55869;0.787879
1.51424;0.787879
1.79966;0.4
1.45927;0.57
1.28934;0.64
1.17134;0.68
1.09458;0.72
1.04802;0.72
1.01244;0.72
0.988209;0.73
0.964888;0.74
0.949431;0.74
0.936549;0.74
0.927607;0.75
0.921639;0.75
0.914599;0.75
0.913821;0.75
1.78835;0.37
1.69069;0.518
2.47881;0.151515
2.27254;0.181818
2.13973;0.242424
2.03233;0.242424
1.94035;0.333333
1.86133;0.393939
1.73642;0.511
1.79261;0.454545
1.73323;0.575758
1.7867;0.466667
1.52786;0.533333
1.34576;0.6
1.23346;0.666667
2.02982;0.266667
1.55741;0.333333
1.80333;0.494
1.86209;0.493
2.37191;0.333333
2.3601;0.416667
2.36114;0.25
2.37237;0.166667
2.36329;0.25
1.91048;0.489
2.36811;0.333333
2.36728;0.25
1.18574;0.666667
1.01701;0.666667
1.70485;0.333333
0.925956;0.666667
0.855879;0.733333
0.706636;0.733333
1.5666;0.333333
2.38675;0.333333
2.5902;0.333333
1.30767;0.416667
1.65057;0.333333
1.35488;0.416667
1.72626;0.166667
1.37553;0.333333
1.3125;0.25
1.53834;0.416667
1.31658;0.5
1.21661;0.25
1.42914;0.25
1.57449;0.333333
1.6285;0.416667
2.34022;0.25
1.67866;0.333333
2.25093;0.25
1.53886;0.333333
2.33643;0.25
1.23521;0.5
5.542;0.166667
4.3412;0.25
1.7154;0.166667
2.08338;0.5
1.8105;0.25
2.2721;0.333333
2.74503;0.333333
1.52226;0.5
2.72024;0.25
2.13896;0.333333
1.63696;0.25
1.9176;0.25
2.76226;0.25
1.8882;0.25
2.6696;0.25
1.87511;0.25
5.1017;0.25
3.42612;0.25
1.38755;0.416667
1.3011;0.583333
1.18738;0.5
2.80924;0.166667
2.82943;0.333333
1.82394;0.25
2.38263;0.333333
1.81489;0.416667
2.77539;0.166667
2.88968;0.25
2.77161;0.25
3.58137;0.166667
1.92419;0.25
3.7934;0.25
1.58368;0.25
2.03768;0.166667
2.31522;0.416667
1.65704;0.333333
3.04092;0.0833333
2.71274;0.166667
1.80535;0.333333
1.25754;0.5
2.54073;0.166667
1.58022;0.333333
1.65306;0.333333
2.42077;0.166667
1.43986;0.416667
1.82721;0.416667
1.69477;0.166667
1.34196;0.5
2.15692;0.166667
1.66673;0.416667
1.79168;0.333333
2.04474;0.333333
1.3843;0.333333
1.32971;0.333333
1.44645;0.333333
1.25014;0.333333
1.2823;0.416667
1.18919;0.333333
1.50231;0.166667
1.23897;0.25
1.25928;0.333333
1.29212;0.333333
1.24741;0.416667
1.22331;0.25
1.41113;0.25
1.30806;0.333333
1.48776;0.25
2.07646;0.166667
2.11461;0.25
1.6808;0.333333
1.39468;0.5
1.32307;0.416667
1.30603;0.416667
1.32517;0.333333
1.22688;0.416667
1.36647;0.5
1.1286;0.333333
1.33678;0.416667
1.19356;0.416667
1.52052;0.25
1.24601;0.333333
1.32866;0.166667
1.16856;0.333333
1.18129;0.333333
1.04599;0.5
1.35227;0.25
1.60332;0.333333
1.15062;0.416667
1.39881;0.25
1.34165;0.25
1.18835;0.25
1.49933;0.25
1.28322;0.25
0.952643;0.416667
1.07892;0.583333
1.21296;0.333333
1.27822;0.25
1.43007;0.166667
1.30678;0.5
1.30117;0.25
1.89633;0.333333
1.82838;0.333333
1.45509;0.0833333
1.22466;0.416667
1.36407;0.0833333
1.31888;0.25
1.15627;0.333333
1.18814;0.25
1.25317;0.0833333
2.37354;0.166667
1.7094;0.333333
1.50143;0.5
1.38891;0.333333
1.33583;0.25
1.32766;0.416667
1.10171;0.416667
1.53252;0.25
1.2849;0.416667
1.37435;0.333333
1.25074;0.25
1.18761;0.5
1.31303;0.25
1.21218;0.5
1.34446;0.25
1.39432;0.333333
1.15558;0.416667
1.27266;0.25
1.27929;0.333333
1.25418;0.333333
1.60459;0.333333
1.32958;0.25
1.25021;0.25
1.23132;0.25
1.20044;0.333333
1.20037;0.166667
1.26025;0.333333
1.14195;0.25
1.03381;0.416667
1.26012;0.25
1.22149;0.333333
1.85884;0.25
1.21267;0.333333
1.47929;0.5
1.45689;0.166667
1.42776;0.25
1.11802;0.416667
1.18449;0.333333
1.2226;0.416667
1.1995;0.5
1.17018;0.25
1.2389;0.333333
1.14091;0.333333
1.25643;0.333333
1.27281;0.166667
1.1202;0.333333
1.25281;0.166667
1.07645;0.5
1.40486;0.0833333
1.71378;0.333333
1.44464;0.333333
1.35091;0.333333
1.78054;0.583333
1.53258;0.166667
1.36989;0.25
1.2885;0.333333
1.1759;0.5
1.07942;0.666667
1.23927;0.333333
1.29837;0.333333
1.1199;0.5
1.19033;0.333333
1.30534;0.25
1.71802;0.333333
1.50522;0.166667
1.93273;0.5
1.41773;0.333333
1.21846;0.416667
1.22493;0.416667
1.80931;0.333333
1.33458;0.333333
1.17163;0.333333
1.10893;0.583333
1.21208;0.333333
1.82785;0.25
2.00868;0.333333
1.40599;0.333333
1.39129;0.166667
1.15067;0.25
1.09188;0.5
1.09437;0.333333
1.30183;0.25
1.71289;0.25
1.48394;0.333333
1.63974;0.5
1.89231;0.166667
1.45544;0.25
1.29616;0.5
1.41824;0.166667
1.36872;0.166667
1.29869;0.333333
1.31534;0.333333
1.11731;0.5
1.42144;0.166667
0.971165;0.666667
1.41645;0.166667
1.28441;0.25
1.0587;0.5
1.90149;0.0
1.33823;0.25
1.48231;0.416667
1.0171;0.583333
1.43755;0.333333
1.27938;0.25
1.30758;0.25
1.25384;0.5
1.26358;0.25
1.35799;0.333333
1.20417;0.333333
1.22773;0.416667
1.0544;0.5
1.05435;0.25
1.14591;0.5
1.35715;0.166667
1.45301;0.333333
2.18334;0.333333
1.5422;0.25
1.18245;0.583333
1.22583;0.5
1.37044;0.333333
1.32142;0.25
1.26919;0.25
1.86648;0.416667
1.54744;0.333333
1.40635;0.25
1.28207;0.333333
1.32809;0.333333
1.27239;0.25
0.766127;1.0
0.34207;1.0
0.200446;1.0
1.2316;0.5
0.146107;1.0
0.119982;1.0
0.105416;1.0
0.0945723;1.0
0.0862408;1.0
0.0808409;1.0
0.0747818;1.0
0.0700283;1.0
0.0664696;1.0
0.0628499;1.0
0.0601639;1.0
1.42943;0.25
0.0578398;1.0
0.95631;0.666667
1.38081;0.25
1.52192;0.166667
1.40118;0.333333
1.32976;0.25
1.32426;0.25
5.0456;0.0
4.50294;0.0
3.88064;0.0
3.23184;0.0
2.59182;0.0
1.99246;0.0
1.46748;1.0
1.04598;1.0
0.738193;1.0
0.530072;1.0
0.394785;1.0
0.306998;1.0
0.248659;1.0
0.208441;1.0
0.179574;1.0
