5.744683146476745605e-01
4.618209004402160645e-01
4.428473412990570068e-01
4.251546263694763184e-01
4.194220602512359619e-01
4.332279264926910400e-01
4.186082482337951660e-01
4.033319056034088135e-01
4.061010181903839111e-01
4.129900336265563965e-01
3.728331625461578369e-01
4.029831290245056152e-01
3.374359011650085449e-01
2.942791283130645752e-01
2.484371513128280640e-01
3.139023184776306152e-01
2.257448732852935791e-01
2.154238671064376831e-01
2.157362401485443115e-01
2.077505439519882202e-01
1.903938353061676025e-01
