1.113227963447570801e+00
7.935748100280761719e-01
6.785390973091125488e-01
6.037456989288330078e-01
5.901450514793395996e-01
5.255725979804992676e-01
5.668244361877441406e-01
4.787831902503967285e-01
4.632889926433563232e-01
4.516014158725738525e-01
4.258855581283569336e-01
4.119428694248199463e-01
4.061201512813568115e-01
3.886504769325256348e-01
3.713137805461883545e-01
3.616195023059844971e-01
3.525310456752777100e-01
3.421149551868438721e-01
3.664217889308929443e-01
3.231312036514282227e-01
3.164544701576232910e-01
3.063873648643493652e-01
3.020966053009033203e-01
