7.344139814376831055e-01
7.942643165588378906e-01
7.961346507072448730e-01
7.749376296997070312e-01
8.154613375663757324e-01
8.223192095756530762e-01
8.410224318504333496e-01
8.379052281379699707e-01
8.977556228637695312e-01
9.102244377136230469e-01
9.102244377136230469e-01
9.108479022979736328e-01
9.351620674133300781e-01
9.370324015617370605e-01
9.407730698585510254e-01
9.413965344429016113e-01
9.376558661460876465e-01
9.401496052742004395e-01
9.413965344429016113e-01
9.420199394226074219e-01
9.501246809959411621e-01
9.457606077194213867e-01
9.426434040069580078e-01
9.507481455802917480e-01
9.438902735710144043e-01
9.463840126991271973e-01
9.463840126991271973e-01
9.488778114318847656e-01
9.513715505599975586e-01
9.507481455802917480e-01
9.476309418678283691e-01
9.470074772834777832e-01
9.501246809959411621e-01
9.501246809959411621e-01
9.451371431350708008e-01
