4.666666686534881592e-01
5.666666626930236816e-01
6.333333253860473633e-01
5.000000000000000000e-01
5.000000000000000000e-01
5.666666626930236816e-01
6.000000238418579102e-01
6.333333253860473633e-01
6.333333253860473633e-01
6.000000238418579102e-01
6.333333253860473633e-01
5.666666626930236816e-01
6.333333253860473633e-01
6.666666865348815918e-01
6.666666865348815918e-01
5.333333611488342285e-01
6.333333253860473633e-01
6.000000238418579102e-01
6.333333253860473633e-01
6.666666865348815918e-01
6.000000238418579102e-01
6.333333253860473633e-01
5.666666626930236816e-01
