6.991887688636779785e-01
5.697879791259765625e-01
5.308479666709899902e-01
5.025569796562194824e-01
4.923183321952819824e-01
4.750368595123291016e-01
4.867177307605743408e-01
4.560497403144836426e-01
4.639808535575866699e-01
4.755261838436126709e-01
4.503757655620574951e-01
4.590333402156829834e-01
4.522625505924224854e-01
4.210078716278076172e-01
3.875182867050170898e-01
3.666798770427703857e-01
3.505086898803710938e-01
3.255220949649810791e-01
2.985811233520507812e-01
2.698174118995666504e-01
2.487706989049911499e-01
2.438308298587799072e-01
2.244239300489425659e-01
2.180699408054351807e-01
2.010460495948791504e-01
1.942370384931564331e-01
1.952358484268188477e-01
2.063739001750946045e-01
2.024665474891662598e-01
1.951118856668472290e-01
1.925281286239624023e-01
2.001970559358596802e-01
1.897422671318054199e-01
