7.500000000000000000e-01
7.967581152915954590e-01
7.849127054214477539e-01
7.911471128463745117e-01
7.799251675605773926e-01
7.942643165588378906e-01
8.036159873008728027e-01
8.048628568649291992e-01
8.210723400115966797e-01
8.185785412788391113e-01
8.422693014144897461e-01
8.422693014144897461e-01
8.622194528579711914e-01
8.185785412788391113e-01
8.846633434295654297e-01
8.397755622863769531e-01
8.990024924278259277e-01
8.940149545669555664e-01
8.522443771362304688e-01
8.179551362991333008e-01
9.226932525634765625e-01
9.002493619918823242e-01
9.301745891571044922e-01
9.445137381553649902e-01
9.283042550086975098e-01
9.301745891571044922e-01
9.233167171478271484e-01
9.145885109901428223e-01
8.877805471420288086e-01
9.295511245727539062e-01
