7.847394347190856934e-01
7.729528546333312988e-01
8.089330196380615234e-01
7.636476159095764160e-01
7.456575632095336914e-01
8.107940554618835449e-01
8.188585638999938965e-01
8.461538553237915039e-01
8.405707478523254395e-01
8.610422015190124512e-01
8.833746910095214844e-01
8.870967626571655273e-01
8.573200702667236328e-01
8.889577984809875488e-01
8.889577984809875488e-01
8.920595645904541016e-01
8.715881109237670898e-01
8.839950561523437500e-01
8.802729249000549316e-01
8.715881109237670898e-01
8.827543258666992188e-01
8.877171277999877930e-01
