1.979766607284545898e+00
1.785361170768737793e+00
1.575696587562561035e+00
1.451497316360473633e+00
1.381149053573608398e+00
1.334406971931457520e+00
1.295168638229370117e+00
1.256964564323425293e+00
1.217055797576904297e+00
1.173058271408081055e+00
1.125717878341674805e+00
1.077010750770568848e+00
1.028739571571350098e+00
9.822056889533996582e-01
9.381856918334960938e-01
8.970738649368286133e-01
8.589762449264526367e-01
8.238593935966491699e-01
7.915760278701782227e-01
7.619326114654541016e-01
7.347053885459899902e-01
7.096952199935913086e-01
6.866849660873413086e-01
6.654807925224304199e-01
6.459150910377502441e-01
6.278186440467834473e-01
6.110571026802062988e-01
5.954908728599548340e-01
5.810152888298034668e-01
5.675289034843444824e-01
