1.078019618988037109e+00
9.697143435478210449e-01
8.913987278938293457e-01
8.581879138946533203e-01
7.935236692428588867e-01
7.849331498146057129e-01
7.422738671302795410e-01
7.430130243301391602e-01
7.046270370483398438e-01
6.875696182250976562e-01
6.679744124412536621e-01
6.590684056282043457e-01
6.498681902885437012e-01
6.379725933074951172e-01
6.216370463371276855e-01
6.364595890045166016e-01
6.268251538276672363e-01
6.130846738815307617e-01
6.209704279899597168e-01
5.925526022911071777e-01
5.900690555572509766e-01
5.856001377105712891e-01
6.135130524635314941e-01
