7.099999785423278809e-01
7.900000214576721191e-01
7.699999809265136719e-01
7.799999713897705078e-01
7.599999904632568359e-01
8.000000119209289551e-01
8.000000119209289551e-01
8.100000023841857910e-01
8.299999833106994629e-01
8.100000023841857910e-01
8.399999737739562988e-01
8.299999833106994629e-01
8.999999761581420898e-01
8.899999856948852539e-01
9.100000262260437012e-01
8.999999761581420898e-01
9.300000071525573730e-01
9.100000262260437012e-01
8.799999952316284180e-01
9.300000071525573730e-01
9.300000071525573730e-01
9.300000071525573730e-01
9.300000071525573730e-01
