7.574441432952880859e-01
7.679900527000427246e-01
7.828783988952636719e-01
7.934243083000183105e-01
7.791563272476196289e-01
7.779156565666198730e-01
8.058312535285949707e-01
7.965260744094848633e-01
8.095533251762390137e-01
8.207195997238159180e-01
7.965260744094848633e-01
8.120347261428833008e-01
8.418114185333251953e-01
8.660049438476562500e-01
8.815136551856994629e-01
8.629032373428344727e-01
8.839950561523437500e-01
8.939206004142761230e-01
8.616625070571899414e-01
8.790322542190551758e-01
8.728287816047668457e-01
8.703473806381225586e-01
8.833746910095214844e-01
8.765508532524108887e-01
