6.995305418968200684e-01
7.671361565589904785e-01
7.990610599517822266e-01
8.000000119209289551e-01
8.131455183029174805e-01
8.291079998016357422e-01
8.291079998016357422e-01
8.300469517707824707e-01
8.328638672828674316e-01
8.328638672828674316e-01
8.328638672828674316e-01
8.328638672828674316e-01
8.328638672828674316e-01
8.328638672828674316e-01
8.319248557090759277e-01
8.309859037399291992e-01
8.309859037399291992e-01
8.347417712211608887e-01
8.291079998016357422e-01
8.347417712211608887e-01
8.347417712211608887e-01
8.347417712211608887e-01
8.347417712211608887e-01
8.347417712211608887e-01
8.347417712211608887e-01
