8.139004111289978027e-01
8.031120300292968750e-01
8.197095394134521484e-01
8.186721801757812500e-01
7.755186557769775391e-01
8.369294404983520508e-01
8.568464517593383789e-01
8.881742954254150391e-01
9.282157421112060547e-01
9.201244711875915527e-01
9.226140975952148438e-01
9.435684680938720703e-01
9.269709587097167969e-01
9.387966990470886230e-01
9.468879699707031250e-01
9.512448310852050781e-01
9.464730024337768555e-01
9.504149556159973145e-01
9.533194899559020996e-01
9.450207352638244629e-01
