8.143836855888366699e-01
8.120972514152526855e-01
8.048222661018371582e-01
8.567865490913391113e-01
8.387029767036437988e-01
8.305965662002563477e-01
9.048014879226684570e-01
9.237164855003356934e-01
9.291207790374755859e-01
9.124922156333923340e-01
9.201829433441162109e-01
9.334857463836669922e-01
9.366036057472229004e-01
9.401372075080871582e-01
9.357721805572509766e-01
9.428393244743347168e-01
9.366036057472229004e-01
9.334857463836669922e-01
9.428393244743347168e-01
9.422157406806945801e-01
9.426314830780029297e-01
