4.663854837417602539e-01
4.726587235927581787e-01
4.217785000801086426e-01
3.935126364231109619e-01
4.014686942100524902e-01
3.825606703758239746e-01
2.906098961830139160e-01
2.363998293876647949e-01
2.033104598522186279e-01
2.101623564958572388e-01
2.014756947755813599e-01
1.848676949739456177e-01
1.802449822425842285e-01
1.723343878984451294e-01
1.721179634332656860e-01
1.670147776603698730e-01
1.795351058244705200e-01
1.771572977304458618e-01
1.667893975973129272e-01
1.705811768770217896e-01
1.590480953454971313e-01
