9.067394137382507324e-01
7.887830138206481934e-01
7.077585458755493164e-01
6.540827751159667969e-01
6.150402426719665527e-01
5.861709117889404297e-01
5.635723471641540527e-01
5.463343858718872070e-01
5.317479968070983887e-01
5.198485255241394043e-01
5.102128982543945312e-01
5.023972988128662109e-01
4.949780404567718506e-01
4.891340136528015137e-01
4.844156205654144287e-01
4.813102185726165771e-01
4.766743779182434082e-01
4.769747555255889893e-01
4.738647639751434326e-01
4.702425897121429443e-01
4.677208662033081055e-01
4.664384424686431885e-01
4.654012620449066162e-01
4.650850892066955566e-01
4.634620547294616699e-01
