1.450713992118835449e+00
1.953980326652526855e-01
6.876962631940841675e-02
4.004069417715072632e-02
2.958410978317260742e-02
2.473877742886543274e-02
2.210485003888607025e-02
2.048165164887905121e-02
1.937087997794151306e-02
1.854304224252700806e-02
1.788408122956752777e-02
1.733483374118804932e-02
1.686147600412368774e-02
1.644432730972766876e-02
1.607114449143409729e-02
1.573291607201099396e-02
1.542440243065357208e-02
1.514061260968446732e-02
1.487741060554981232e-02
1.463254541158676147e-02
1.440327893942594528e-02
1.418760884553194046e-02
1.398395188152790070e-02
1.379067078232765198e-02
1.360667124390602112e-02
1.343086082488298416e-02
1.326226908713579178e-02
1.310022827237844467e-02
1.294364687055349350e-02
1.279246434569358826e-02
1.264577079564332962e-02
1.250320300459861755e-02
1.236451789736747742e-02
1.222892943769693375e-02
1.209667697548866272e-02
