1.19821;0.44898
0.638034;0.653061
0.397298;0.877551
0.460574;0.857143
0.453691;0.877551
0.615973;0.857143
1.27603;0.368421
0.39937;0.857143
1.93609;0.421053
0.434897;0.857143
1.87936;0.368421
1.32737;0.421053
1.89753;0.421053
1.77002;0.263158
2.42072;0.0526316
2.25595;0.210526
1.69566;0.263158
1.80044;0.368421
1.68132;0.315789
1.69882;0.315789
1.49556;0.368421
1.66007;0.263158
1.5682;0.368421
1.91299;0.315789
1.48233;0.315789
1.44486;0.473684
1.36768;0.526316
2.32307;0.210526
1.53266;0.368421
2.31216;0.263158
1.81204;0.157895
1.94661;0.210526
2.33128;0.315789
1.38294;0.473684
1.42551;0.421053
1.86984;0.315789
1.4947;0.315789
1.29087;0.315789
1.4671;0.315789
1.74923;0.315789
2.12037;0.105263
2.30024;0.210526
1.64695;0.368421
2.31068;0.263158
1.45059;0.421053
1.5844;0.421053
1.45562;0.210526
1.23337;0.368421
1.89711;0.263158
1.59703;0.315789
1.16167;0.526316
1.07808;0.578947
1.18253;0.631579
1.52115;0.368421
1.64919;0.263158
1.09383;0.578947
1.64844;0.315789
1.95295;0.210526
1.36018;0.421053
1.3403;0.315789
1.15368;0.421053
1.27723;0.368421
1.1895;0.473684
1.50512;0.263158
1.26472;0.315789
1.19837;0.263158
1.2979;0.210526
1.16704;0.263158
1.30768;0.421053
1.30728;0.315789
1.17475;0.473684
1.57743;0.315789
1.32896;0.368421
1.44;0.315789
1.17985;0.315789
1.1898;0.157895
1.04794;0.421053
1.15601;0.368421
1.11537;0.421053
1.13626;0.368421
1.01002;0.421053
3.03855;0.263158
1.39587;0.421053
1.35948;0.421053
2.70831;0.210526
2.1922;0.368421
3.51835;0.157895
1.24082;0.526316
1.60856;0.368421
2.27278;0.315789
1.92958;0.315789
2.32313;0.473684
1.89211;0.210526
2.48992;0.210526
2.4391;0.368421
1.41683;0.526316
2.70111;0.263158
1.72129;0.421053
1.58611;0.421053
2.35644;0.263158
2.20977;0.368421
1.58809;0.526316
2.48108;0.157895
3.2354;0.105263
1.56823;0.473684
2.68945;0.473684
2.19201;0.473684
2.18986;0.421053
2.13614;0.473684
3.40168;0.210526
1.98395;0.263158
1.91999;0.421053
3.12325;0.263158
2.48701;0.210526
