giusti  4053
errati  767
rate    84.08713692946058
confusion_matrix
 [[ 597.    0.    0.    0.    0.    0.    0.    0.    0.    1.    0.]
 [   0.  159.  327.    0.    0.    0.    0.    0.    0.    0.    0.]
 [   0.    2.  699.    0.    0.    0.    0.    0.    0.    0.    0.]
 [   0.    0.    0.  172.    0.    0.    0.    0.    0.    0.    0.]
 [   0.    0.    0.   42.  393.    0.    0.    0.    0.    0.    0.]
 [   0.    0.    0.    0.    0.  217.    0.    0.    0.    4.   10.]
 [   0.    0.    0.    0.    0.    0.  261.    0.    0.    0.    0.]
 [   0.    0.    0.    0.    0.    0.    0.  769.    0.    0.    0.]
 [   0.    0.    0.    0.    0.    0.    0.    0.  333.    0.    0.]
 [   0.    0.    0.    0.    0.   55.    0.    0.    0.  331.    0.]
 [   0.    0.    0.    0.    0.  326.    0.    0.    0.    0.  122.]]
63813.35user 949.19system 17:22:08elapsed 103%CPU (0avgtext+0avgdata 871804maxresident)k
0inputs+304outputs (0major+84922862minor)pagefaults 0swaps
