giusti  4294
errati  517
rate    89.25379339014758
confusion_matrix
 [[ 593.    0.    0.    0.    0.    0.    0.    0.    0.    0.    0.]
 [   0.  196.  289.    0.    0.    0.    0.    0.    0.    0.    0.]
 [   0.   19.  681.    0.    0.    0.    0.    0.    0.    0.    0.]
 [   0.    0.    0.  150.   22.    0.    0.    0.    0.    0.    0.]
 [   0.    0.    0.    7.  429.    0.    0.    0.    0.    0.    0.]
 [   0.    0.    0.    0.    0.  127.    0.    0.    0.    5.   98.]
 [   0.    0.    0.    0.    0.    0.  260.    0.    2.    0.    0.]
 [   0.    0.    0.    0.    0.    2.    0.  763.    0.    3.    0.]
 [   0.    0.    0.    0.    0.    0.    2.    0.  331.    0.    0.]
 [   0.    0.    0.    0.    0.    3.    0.    0.    0.  381.    2.]
 [   0.    0.    0.    0.    0.   61.    0.    0.    0.    2.  383.]]
56551.73user 915.37system 14:22:57elapsed 110%CPU (0avgtext+0avgdata 1180420maxresident)k
0inputs+72outputs (0major+103537409minor)pagefaults 0swaps
