giusti  4153
errati  667
rate    86.16182572614109
confusion_matrix
 [[ 597.    0.    0.    0.    0.    0.    0.    0.    0.    1.    0.]
 [   0.  281.  205.    0.    0.    0.    0.    0.    0.    0.    0.]
 [   0.    5.  696.    0.    0.    0.    0.    0.    0.    0.    0.]
 [   0.    0.    0.  167.    5.    0.    0.    0.    0.    0.    0.]
 [   0.    0.    0.   15.  420.    0.    0.    0.    0.    0.    0.]
 [   0.    0.    0.    0.    0.   96.    0.    0.    0.   77.   58.]
 [   0.    0.    0.    0.    0.    0.  261.    0.    0.    0.    0.]
 [   0.    0.    0.    0.    0.    0.    0.  769.    0.    0.    0.]
 [   0.    0.    0.    0.    0.    0.    0.    0.  333.    0.    0.]
 [   0.    0.    0.    0.    0.    2.    0.    0.    0.  384.    0.]
 [   0.    0.    0.    0.    0.  177.    0.    0.    0.  122.  149.]]
74112.67user 3336.50system 17:31:47elapsed 122%CPU (0avgtext+0avgdata 1904868maxresident)k
0inputs+304outputs (0major+224373048minor)pagefaults 0swaps
