giusti  4101
errati  710
rate    85.24215339846187
confusion_matrix
 [[ 593.    0.    0.    0.    0.    0.    0.    0.    0.    0.    0.]
 [   0.   46.  439.    0.    0.    0.    0.    0.    0.    0.    0.]
 [   0.    1.  699.    0.    0.    0.    0.    0.    0.    0.    0.]
 [   0.    0.    0.  168.    4.    0.    0.    0.    0.    0.    0.]
 [   0.    0.    0.   22.  414.    0.    0.    0.    0.    0.    0.]
 [   0.    0.    0.    0.    0.   55.    0.    0.    0.   65.  110.]
 [   0.    0.    0.    0.    0.    0.  260.    0.    2.    0.    0.]
 [   0.    0.    0.    0.    0.    1.    0.  763.    0.    4.    0.]
 [   0.    0.    0.    0.    0.    0.    0.    0.  333.    0.    0.]
 [   0.    0.    0.    0.    0.    1.    0.    0.    0.  384.    1.]
 [   0.    0.    0.    0.    0.   32.    0.    0.    0.   28.  386.]]
67823.04user 3612.81system 15:32:37elapsed 127%CPU (0avgtext+0avgdata 2208444maxresident)k
0inputs+72outputs (0major+251407613minor)pagefaults 0swaps
