giusti  4133
errati  687
rate    85.74688796680498
confusion_matrix
 [[ 597.    0.    0.    0.    0.    0.    0.    0.    0.    1.    0.]
 [   0.  425.   61.    0.    0.    0.    0.    0.    0.    0.    0.]
 [   0.   88.  613.    0.    0.    0.    0.    0.    0.    0.    0.]
 [   0.    0.    0.  167.    5.    0.    0.    0.    0.    0.    0.]
 [   0.    0.    0.   16.  419.    0.    0.    0.    0.    0.    0.]
 [   0.    0.    0.    0.    0.  165.    0.    0.    0.   66.    0.]
 [   0.    0.    0.    0.    0.    0.  261.    0.    0.    0.    0.]
 [   0.    0.    0.    0.    0.    0.    0.  769.    0.    0.    0.]
 [   0.    0.    0.    0.    0.    0.    0.    0.  333.    0.    0.]
 [   0.    0.    0.    0.    0.    0.    0.    0.    0.  384.    2.]
 [   0.    0.    0.    0.    0.  429.    0.    0.    0.   19.    0.]]
70113.58user 1527.10system 18:01:06elapsed 110%CPU (0avgtext+0avgdata 1120756maxresident)k
0inputs+304outputs (0major+125567193minor)pagefaults 0swaps
