giusti  4215
errati  596
rate    87.61172313448348
confusion_matrix
 [[ 593.    0.    0.    0.    0.    0.    0.    0.    0.    0.    0.]
 [   0.  326.  159.    0.    0.    0.    0.    0.    0.    0.    0.]
 [   0.   18.  682.    0.    0.    0.    0.    0.    0.    0.    0.]
 [   0.    0.    0.  157.   15.    0.    0.    0.    0.    0.    0.]
 [   0.    0.    0.    7.  429.    0.    0.    0.    0.    0.    0.]
 [   0.    0.    0.    0.    0.   94.    0.    0.    0.   96.   40.]
 [   0.    0.    0.    0.    0.    0.  260.    0.    2.    0.    0.]
 [   0.    0.    0.    0.    0.    0.    0.  763.    0.    5.    0.]
 [   0.    0.    0.    0.    0.    0.    0.    0.  333.    0.    0.]
 [   0.    0.    0.    0.    0.   21.    0.    0.    0.  365.    0.]
 [   0.    0.    0.    0.    0.  105.    0.    0.    0.  128.  213.]]
60525.05user 1394.81system 14:56:52elapsed 115%CPU (0avgtext+0avgdata 1417060maxresident)k
0inputs+72outputs (0major+127160530minor)pagefaults 0swaps
