giusti  3775
errati  1036
rate    78.46601538141759
confusion_matrix
 [[ 593.    0.    0.    0.    0.    0.    0.    0.    0.    0.    0.]
 [   0.   26.  459.    0.    0.    0.    0.    0.    0.    0.    0.]
 [   0.    0.  700.    0.    0.    0.    0.    0.    0.    0.    0.]
 [   0.    0.    0.  171.    1.    0.    0.    0.    0.    0.    0.]
 [   0.    0.    0.   24.  412.    0.    0.    0.    0.    0.    0.]
 [   0.    0.    0.    0.    0.  131.    0.    0.    0.   99.    0.]
 [   0.    0.    0.    0.    0.    0.  260.    0.    2.    0.    0.]
 [   0.    0.    0.    0.    0.    0.    0.  763.    0.    5.    0.]
 [   0.    0.    0.    0.    0.    0.    0.    0.  333.    0.    0.]
 [   0.    0.    0.    0.    0.    0.    0.    0.    0.  386.    0.]
 [   0.    0.    0.    0.    0.  318.    0.    0.    0.  128.    0.]]
53505.75user 641.94system 14:06:17elapsed 106%CPU (0avgtext+0avgdata 984328maxresident)k
0inputs+24outputs (0major+79228745minor)pagefaults 0swaps
