giusti  4346
errati  465
rate    90.33464976096445
confusion_matrix
 [[ 593.    0.    0.    0.    0.    0.    0.    0.    0.    0.    0.]
 [   0.  386.   99.    0.    0.    0.    0.    0.    0.    0.    0.]
 [   0.    8.  692.    0.    0.    0.    0.    0.    0.    0.    0.]
 [   0.    0.    0.  157.   15.    0.    0.    0.    0.    0.    0.]
 [   0.    0.    0.   18.  418.    0.    0.    0.    0.    0.    0.]
 [   0.    0.    0.    0.    0.   71.    0.    0.    0.   64.   95.]
 [   0.    0.    0.    0.    0.    0.  260.    0.    2.    0.    0.]
 [   0.    0.    0.    0.    0.    1.    0.  763.    0.    4.    0.]
 [   0.    0.    0.    0.    0.    0.    0.    0.  333.    0.    0.]
 [   0.    0.    0.    0.    0.    1.    0.    0.    0.  384.    1.]
 [   0.    0.    0.    0.    0.   43.    0.    0.    0.  114.  289.]]
62694.18user 2220.21system 14:52:09elapsed 121%CPU (0avgtext+0avgdata 1744428maxresident)k
144inputs+72outputs (1major+172520502minor)pagefaults 0swaps
