1.718985438346862793e+00
1.605950355529785156e+00
1.559493303298950195e+00
1.517236113548278809e+00
1.485331177711486816e+00
1.460530996322631836e+00
1.440669536590576172e+00
1.423712015151977539e+00
1.409565925598144531e+00
1.397267580032348633e+00
1.386425852775573730e+00
1.376877665519714355e+00
1.368233203887939453e+00
1.360450863838195801e+00
1.353275179862976074e+00
1.346768736839294434e+00
1.340660810470581055e+00
1.335110306739807129e+00
1.329834580421447754e+00
1.325000643730163574e+00
1.320353865623474121e+00
1.316050648689270020e+00
1.311983346939086914e+00
1.308127403259277344e+00
1.304492235183715820e+00
1.300985932350158691e+00
1.297674894332885742e+00
1.294518947601318359e+00
1.291501283645629883e+00
1.288606882095336914e+00
1.285833358764648438e+00
1.283178567886352539e+00
1.280617117881774902e+00
1.278152942657470703e+00
1.275778532028198242e+00
