2.243549346923828125e+00
2.095670700073242188e+00
2.036990642547607422e+00
1.978592991828918457e+00
1.926353573799133301e+00
1.881639599800109863e+00
1.840802311897277832e+00
1.805729508399963379e+00
1.774379253387451172e+00
1.746355891227722168e+00
1.721017360687255859e+00
1.698116421699523926e+00
1.677185058593750000e+00
1.657734751701354980e+00
1.639908790588378906e+00
1.623393535614013672e+00
1.608056426048278809e+00
1.593724012374877930e+00
1.580311417579650879e+00
1.567718982696533203e+00
1.555850505828857422e+00
1.544660568237304688e+00
1.534077286720275879e+00
1.524032354354858398e+00
1.514498353004455566e+00
1.505421757698059082e+00
1.496776580810546875e+00
1.488543152809143066e+00
1.480633258819580078e+00
1.473063111305236816e+00
1.465831875801086426e+00
1.458866357803344727e+00
1.452162981033325195e+00
1.445736408233642578e+00
1.439532756805419922e+00
