2.497352838516235352e+00
2.344137907028198242e+00
2.275668382644653320e+00
2.236029148101806641e+00
2.210685491561889648e+00
2.193446159362792969e+00
2.179435729980468750e+00
2.164986371994018555e+00
2.149151563644409180e+00
2.131027936935424805e+00
2.110727310180664062e+00
2.090821027755737305e+00
2.071995019912719727e+00
2.053618431091308594e+00
2.036836147308349609e+00
2.020713567733764648e+00
2.006024360656738281e+00
1.991533637046813965e+00
1.978015542030334473e+00
1.965191841125488281e+00
1.952450156211853027e+00
1.940585255622863770e+00
1.929173707962036133e+00
1.917991399765014648e+00
1.907089829444885254e+00
1.896591901779174805e+00
1.886365056037902832e+00
1.876356482505798340e+00
1.866687893867492676e+00
1.857246041297912598e+00
1.848090052604675293e+00
1.839152812957763672e+00
1.830347537994384766e+00
1.821815013885498047e+00
1.813516736030578613e+00
