2.710036277770996094e+00
2.536347866058349609e+00
2.456921339035034180e+00
2.409467458724975586e+00
2.377361536026000977e+00
2.353842496871948242e+00
2.335835695266723633e+00
2.321142673492431641e+00
2.308839321136474609e+00
2.298086881637573242e+00
2.288466691970825195e+00
2.279727935791015625e+00
2.271688699722290039e+00
2.264212608337402344e+00
2.257232666015625000e+00
2.250673055648803711e+00
2.244483947753906250e+00
2.238635063171386719e+00
2.233075380325317383e+00
2.227797269821166992e+00
2.222758531570434570e+00
2.217949390411376953e+00
2.213346958160400391e+00
2.208935022354125977e+00
2.204699993133544922e+00
2.200630903244018555e+00
2.196714878082275391e+00
2.192947626113891602e+00
2.189312219619750977e+00
2.185800075531005859e+00
2.182395458221435547e+00
2.179111242294311523e+00
2.175932407379150391e+00
2.172844171524047852e+00
2.169855833053588867e+00
