1.493855953216552734e+00
1.364385008811950684e+00
1.368192195892333984e+00
1.384532094001770020e+00
1.377043604850769043e+00
1.365065455436706543e+00
1.347833633422851562e+00
1.329315304756164551e+00
1.310833930969238281e+00
1.295673370361328125e+00
1.280715942382812500e+00
1.268466591835021973e+00
1.256699800491333008e+00
1.247396707534790039e+00
1.237553834915161133e+00
1.228388786315917969e+00
1.221369266510009766e+00
1.213124752044677734e+00
1.206157565116882324e+00
1.199480772018432617e+00
1.193991065025329590e+00
1.189529895782470703e+00
1.183538675308227539e+00
1.179031968116760254e+00
1.173727989196777344e+00
1.170001983642578125e+00
1.165624856948852539e+00
1.161417007446289062e+00
1.157664656639099121e+00
1.154072642326354980e+00
1.151168465614318848e+00
1.147403001785278320e+00
1.144314289093017578e+00
1.141396522521972656e+00
1.138518810272216797e+00
