2.111467599868774414e+00
1.980485200881958008e+00
1.896806120872497559e+00
1.806384682655334473e+00
1.730726838111877441e+00
1.669457077980041504e+00
1.620016098022460938e+00
1.580381155014038086e+00
1.548050284385681152e+00
1.521371364593505859e+00
1.499296307563781738e+00
1.481278657913208008e+00
1.466867327690124512e+00
1.454144358634948730e+00
1.443769335746765137e+00
1.435253262519836426e+00
1.428501844406127930e+00
1.422711372375488281e+00
1.418479800224304199e+00
1.415133237838745117e+00
1.412500143051147461e+00
1.410282135009765625e+00
1.409003615379333496e+00
1.407988429069519043e+00
1.407697796821594238e+00
1.407802581787109375e+00
1.407989621162414551e+00
1.408454298973083496e+00
1.409278273582458496e+00
1.410551905632019043e+00
1.411730647087097168e+00
1.412637591361999512e+00
1.414414882659912109e+00
1.415537714958190918e+00
1.417550325393676758e+00
