1.632526159286499023e+00
1.426015973091125488e+00
1.443591117858886719e+00
1.468030929565429688e+00
1.497709155082702637e+00
1.516630172729492188e+00
1.532019138336181641e+00
1.543381214141845703e+00
1.545655131340026855e+00
1.546754717826843262e+00
1.547250390052795410e+00
1.543599486351013184e+00
1.546035170555114746e+00
1.542171955108642578e+00
1.539600014686584473e+00
1.539634108543395996e+00
1.539163231849670410e+00
1.536036014556884766e+00
1.541671752929687500e+00
1.536771774291992188e+00
1.537594079971313477e+00
1.532868623733520508e+00
1.532161474227905273e+00
1.532667160034179688e+00
1.531866550445556641e+00
1.533354520797729492e+00
1.528533816337585449e+00
1.533258080482482910e+00
1.525809288024902344e+00
1.528029680252075195e+00
1.526026248931884766e+00
1.524243116378784180e+00
1.522782921791076660e+00
1.522783041000366211e+00
1.526456475257873535e+00
