leggo il dataset
dataset lung   1
                                                                                                   EPOCA:  0
 E-step  
 M-step 
 LIKELIHOOD
 RUN m step + log_likelihood
 log_likelihood   [-372.78471699951348]
VINCOLI DA RISPETTARE

 t_pi   [ 1.  1.  1.  1.  1.  1.  1.  1.  1.  1.  1.  1.  1.  1.  1.  1.  1.  1.
  1.  1.  1.  1.  1.  1.  1.  1.  1.  1.  1.  1.  1.  1.]
 t_sp   1.0
 t_a   [[ 1.  1.  1.  1.  1.  1.  1.  1.  1.  1.  1.  1.  1.  1.  1.  1.  1.  1.
   1.  1.  1.  1.  1.  1.  1.  1.  1.  1.  1.  1.  1.  1.]
 [ 1.  1.  1.  1.  1.  1.  1.  1.  1.  1.  1.  1.  1.  1.  1.  1.  1.  1.
   1.  1.  1.  1.  1.  1.  1.  1.  1.  1.  1.  1.  1.  1.]
 [ 1.  1.  1.  1.  1.  1.  1.  1.  1.  1.  1.  1.  1.  1.  1.  1.  1.  1.
   1.  1.  1.  1.  1.  1.  1.  1.  1.  1.  1.  1.  1.  1.]]
 t_bi   [ 1.  1.  1.]
                                                                                                   EPOCA:  1
 E-step  
 M-step 
 LIKELIHOOD
 RUN m step + log_likelihood
 log_likelihood   [-372.78471699951348, -349.46047503472568]
VINCOLI DA RISPETTARE

 t_pi   [ 1.  1.  1.  1.  1.  1.  1.  1.  1.  1.  1.  1.  1.  1.  1.  1.  1.  1.
  1.  1.  1.  1.  1.  1.  1.  1.  1.  1.  1.  1.  1.  1.]
 t_sp   1.0
 t_a   [[ 1.  1.  1.  1.  1.  1.  1.  1.  1.  1.  1.  1.  1.  1.  1.  1.  1.  1.
   1.  1.  1.  1.  1.  1.  1.  1.  1.  1.  1.  1.  1.  1.]
 [ 1.  1.  1.  1.  1.  1.  1.  1.  1.  1.  1.  1.  1.  1.  1.  1.  1.  1.
   1.  1.  1.  1.  1.  1.  1.  1.  1.  1.  1.  1.  1.  1.]
 [ 1.  1.  1.  1.  1.  1.  1.  1.  1.  1.  1.  1.  1.  1.  1.  1.  1.  1.
   1.  1.  1.  1.  1.  1.  1.  1.  1.  1.  1.  1.  1.  1.]]
 t_bi   [ 1.  1.  1.]
                                                                                                   EPOCA:  2
 E-step  
 M-step 
 LIKELIHOOD
 RUN m step + log_likelihood
 log_likelihood   [-372.78471699951348, -349.46047503472568, -345.76437219804853]
VINCOLI DA RISPETTARE

 t_pi   [ 1.  1.  1.  1.  1.  1.  1.  1.  1.  1.  1.  1.  1.  1.  1.  1.  1.  1.
  1.  1.  1.  1.  1.  1.  1.  1.  1.  1.  1.  1.  1.  1.]
 t_sp   1.0
 t_a   [[ 1.  1.  1.  1.  1.  1.  1.  1.  1.  1.  1.  1.  1.  1.  1.  1.  1.  1.
   1.  1.  1.  1.  1.  1.  1.  1.  1.  1.  1.  1.  1.  1.]
 [ 1.  1.  1.  1.  1.  1.  1.  1.  1.  1.  1.  1.  1.  1.  1.  1.  1.  1.
   1.  1.  1.  1.  1.  1.  1.  1.  1.  1.  1.  1.  1.  1.]
 [ 1.  1.  1.  1.  1.  1.  1.  1.  1.  1.  1.  1.  1.  1.  1.  1.  1.  1.
   1.  1.  1.  1.  1.  1.  1.  1.  1.  1.  1.  1.  1.  1.]]
 t_bi   [ 1.  1.  1.]
                                                                                                   EPOCA:  3
 E-step  
 M-step 
 LIKELIHOOD
 RUN m step + log_likelihood
 log_likelihood   [-372.78471699951348, -349.46047503472568, -345.76437219804853, -332.46476761138751]
VINCOLI DA RISPETTARE

 t_pi   [ 1.  1.  1.  1.  1.  1.  1.  1.  1.  1.  1.  1.  1.  1.  1.  1.  1.  1.
  1.  1.  1.  1.  1.  1.  1.  1.  1.  1.  1.  1.  1.  1.]
 t_sp   1.0
 t_a   [[ 1.  1.  1.  1.  1.  1.  1.  1.  1.  1.  1.  1.  1.  1.  1.  1.  1.  1.
   1.  1.  1.  1.  1.  1.  1.  1.  1.  1.  1.  1.  1.  1.]
 [ 1.  1.  1.  1.  1.  1.  1.  1.  1.  1.  1.  1.  1.  1.  1.  1.  1.  1.
   1.  1.  1.  1.  1.  1.  1.  1.  1.  1.  1.  1.  1.  1.]
 [ 1.  1.  1.  1.  1.  1.  1.  1.  1.  1.  1.  1.  1.  1.  1.  1.  1.  1.
   1.  1.  1.  1.  1.  1.  1.  1.  1.  1.  1.  1.  1.  1.]]
 t_bi   [ 1.  1.  1.]
                                                                                                   EPOCA:  4
 E-step  
 M-step 
 LIKELIHOOD
 RUN m step + log_likelihood
 log_likelihood   [-372.78471699951348, -349.46047503472568, -345.76437219804853, -332.46476761138751, -318.22012443697298]
VINCOLI DA RISPETTARE

 t_pi   [ 1.  1.  1.  1.  1.  1.  1.  1.  1.  1.  1.  1.  1.  1.  1.  1.  1.  1.
  1.  1.  1.  1.  1.  1.  1.  1.  1.  1.  1.  1.  1.  1.]
 t_sp   1.0
 t_a   [[ 1.  1.  1.  1.  1.  1.  1.  1.  1.  1.  1.  1.  1.  1.  1.  1.  1.  1.
   1.  1.  1.  1.  1.  1.  1.  1.  1.  1.  1.  1.  1.  1.]
 [ 1.  1.  1.  1.  1.  1.  1.  1.  1.  1.  1.  1.  1.  1.  1.  1.  1.  1.
   1.  1.  1.  1.  1.  1.  1.  1.  1.  1.  1.  1.  1.  1.]
 [ 1.  1.  1.  1.  1.  1.  1.  1.  1.  1.  1.  1.  1.  1.  1.  1.  1.  1.
   1.  1.  1.  1.  1.  1.  1.  1.  1.  1.  1.  1.  1.  1.]]
 t_bi   [ 1.  1.  1.]
                                                                                                   EPOCA:  5
 E-step  
 M-step 
 LIKELIHOOD
 RUN m step + log_likelihood
 log_likelihood   [-372.78471699951348, -349.46047503472568, -345.76437219804853, -332.46476761138751, -318.22012443697298, -310.330816883328]
VINCOLI DA RISPETTARE

 t_pi   [ 1.  1.  1.  1.  1.  1.  1.  1.  1.  1.  1.  1.  1.  1.  1.  1.  1.  1.
  1.  1.  1.  1.  1.  1.  1.  1.  1.  1.  1.  1.  1.  1.]
 t_sp   1.0
 t_a   [[ 1.  1.  1.  1.  1.  1.  1.  1.  1.  1.  1.  1.  1.  1.  1.  1.  1.  1.
   1.  1.  1.  1.  1.  1.  1.  1.  1.  1.  1.  1.  1.  1.]
 [ 1.  1.  1.  1.  1.  1.  1.  1.  1.  1.  1.  1.  1.  1.  1.  1.  1.  1.
   1.  1.  1.  1.  1.  1.  1.  1.  1.  1.  1.  1.  1.  1.]
 [ 1.  1.  1.  1.  1.  1.  1.  1.  1.  1.  1.  1.  1.  1.  1.  1.  1.  1.
   1.  1.  1.  1.  1.  1.  1.  1.  1.  1.  1.  1.  1.  1.]]
 t_bi   [ 1.  1.  1.]
                                                                                                   EPOCA:  6
 E-step  
 M-step 
 LIKELIHOOD
 RUN m step + log_likelihood
 log_likelihood   [-372.78471699951348, -349.46047503472568, -345.76437219804853, -332.46476761138751, -318.22012443697298, -310.330816883328, -298.96278483313438]
VINCOLI DA RISPETTARE

 t_pi   [ 1.  1.  1.  1.  1.  1.  1.  1.  1.  1.  1.  1.  1.  1.  1.  1.  1.  1.
  1.  1.  1.  1.  1.  1.  1.  1.  1.  1.  1.  1.  1.  1.]
 t_sp   1.0
 t_a   [[ 1.  1.  1.  1.  1.  1.  1.  1.  1.  1.  1.  1.  1.  1.  1.  1.  1.  1.
   1.  1.  1.  1.  1.  1.  1.  1.  1.  1.  1.  1.  1.  1.]
 [ 1.  1.  1.  1.  1.  1.  1.  1.  1.  1.  1.  1.  1.  1.  1.  1.  1.  1.
   1.  1.  1.  1.  1.  1.  1.  1.  1.  1.  1.  1.  1.  1.]
 [ 1.  1.  1.  1.  1.  1.  1.  1.  1.  1.  1.  1.  1.  1.  1.  1.  1.  1.
   1.  1.  1.  1.  1.  1.  1.  1.  1.  1.  1.  1.  1.  1.]]
 t_bi   [ 1.  1.  1.]
                                                                                                   EPOCA:  7
 E-step  
 M-step 
 LIKELIHOOD
 RUN m step + log_likelihood
 log_likelihood   [-372.78471699951348, -349.46047503472568, -345.76437219804853, -332.46476761138751, -318.22012443697298, -310.330816883328, -298.96278483313438, -299.28594032702665]
VINCOLI DA RISPETTARE

 t_pi   [ 1.  1.  1.  1.  1.  1.  1.  1.  1.  1.  1.  1.  1.  1.  1.  1.  1.  1.
  1.  1.  1.  1.  1.  1.  1.  1.  1.  1.  1.  1.  1.  1.]
 t_sp   1.0
 t_a   [[ 1.  1.  1.  1.  1.  1.  1.  1.  1.  1.  1.  1.  1.  1.  1.  1.  1.  1.
   1.  1.  1.  1.  1.  1.  1.  1.  1.  1.  1.  1.  1.  1.]
 [ 1.  1.  1.  1.  1.  1.  1.  1.  1.  1.  1.  1.  1.  1.  1.  1.  1.  1.
   1.  1.  1.  1.  1.  1.  1.  1.  1.  1.  1.  1.  1.  1.]
 [ 1.  1.  1.  1.  1.  1.  1.  1.  1.  1.  1.  1.  1.  1.  1.  1.  1.  1.
   1.  1.  1.  1.  1.  1.  1.  1.  1.  1.  1.  1.  1.  1.]]
 t_bi   [ 1.  1.  1.]
                                                                                                   EPOCA:  8
 E-step  
 M-step 
 LIKELIHOOD
 RUN m step + log_likelihood
 log_likelihood   [-372.78471699951348, -349.46047503472568, -345.76437219804853, -332.46476761138751, -318.22012443697298, -310.330816883328, -298.96278483313438, -299.28594032702665, -292.68289943402237]
VINCOLI DA RISPETTARE

 t_pi   [ 1.  1.  1.  1.  1.  1.  1.  1.  1.  1.  1.  1.  1.  1.  1.  1.  1.  1.
  1.  1.  1.  1.  1.  1.  1.  1.  1.  1.  1.  1.  1.  1.]
 t_sp   1.0
 t_a   [[ 1.  1.  1.  1.  1.  1.  1.  1.  1.  1.  1.  1.  1.  1.  1.  1.  1.  1.
   1.  1.  1.  1.  1.  1.  1.  1.  1.  1.  1.  1.  1.  1.]
 [ 1.  1.  1.  1.  1.  1.  1.  1.  1.  1.  1.  1.  1.  1.  1.  1.  1.  1.
   1.  1.  1.  1.  1.  1.  1.  1.  1.  1.  1.  1.  1.  1.]
 [ 1.  1.  1.  1.  1.  1.  1.  1.  1.  1.  1.  1.  1.  1.  1.  1.  1.  1.
   1.  1.  1.  1.  1.  1.  1.  1.  1.  1.  1.  1.  1.  1.]]
 t_bi   [ 1.  1.  1.]
                                                                                                   EPOCA:  9
 E-step  
 M-step 
 LIKELIHOOD
 RUN m step + log_likelihood
 log_likelihood   [-372.78471699951348, -349.46047503472568, -345.76437219804853, -332.46476761138751, -318.22012443697298, -310.330816883328, -298.96278483313438, -299.28594032702665, -292.68289943402237, -292.6801956655035]
VINCOLI DA RISPETTARE

 t_pi   [ 1.  1.  1.  1.  1.  1.  1.  1.  1.  1.  1.  1.  1.  1.  1.  1.  1.  1.
  1.  1.  1.  1.  1.  1.  1.  1.  1.  1.  1.  1.  1.  1.]
 t_sp   1.0
 t_a   [[ 1.  1.  1.  1.  1.  1.  1.  1.  1.  1.  1.  1.  1.  1.  1.  1.  1.  1.
   1.  1.  1.  1.  1.  1.  1.  1.  1.  1.  1.  1.  1.  1.]
 [ 1.  1.  1.  1.  1.  1.  1.  1.  1.  1.  1.  1.  1.  1.  1.  1.  1.  1.
   1.  1.  1.  1.  1.  1.  1.  1.  1.  1.  1.  1.  1.  1.]
 [ 1.  1.  1.  1.  1.  1.  1.  1.  1.  1.  1.  1.  1.  1.  1.  1.  1.  1.
   1.  1.  1.  1.  1.  1.  1.  1.  1.  1.  1.  1.  1.  1.]]
 t_bi   [ 1.  1.  1.]
                                                                                                   EPOCA:  10
 E-step  
 M-step 
 LIKELIHOOD
 RUN m step + log_likelihood
 log_likelihood   [-372.78471699951348, -349.46047503472568, -345.76437219804853, -332.46476761138751, -318.22012443697298, -310.330816883328, -298.96278483313438, -299.28594032702665, -292.68289943402237, -292.6801956655035, -292.73116079601743]
VINCOLI DA RISPETTARE

 t_pi   [ 1.  1.  1.  1.  1.  1.  1.  1.  1.  1.  1.  1.  1.  1.  1.  1.  1.  1.
  1.  1.  1.  1.  1.  1.  1.  1.  1.  1.  1.  1.  1.  1.]
 t_sp   1.0
 t_a   [[ 1.  1.  1.  1.  1.  1.  1.  1.  1.  1.  1.  1.  1.  1.  1.  1.  1.  1.
   1.  1.  1.  1.  1.  1.  1.  1.  1.  1.  1.  1.  1.  1.]
 [ 1.  1.  1.  1.  1.  1.  1.  1.  1.  1.  1.  1.  1.  1.  1.  1.  1.  1.
   1.  1.  1.  1.  1.  1.  1.  1.  1.  1.  1.  1.  1.  1.]
 [ 1.  1.  1.  1.  1.  1.  1.  1.  1.  1.  1.  1.  1.  1.  1.  1.  1.  1.
   1.  1.  1.  1.  1.  1.  1.  1.  1.  1.  1.  1.  1.  1.]]
 t_bi   [ 1.  1.  1.]
                                                                                                   EPOCA:  11
 E-step  
 M-step 
 LIKELIHOOD
 RUN m step + log_likelihood
 log_likelihood   [-372.78471699951348, -349.46047503472568, -345.76437219804853, -332.46476761138751, -318.22012443697298, -310.330816883328, -298.96278483313438, -299.28594032702665, -292.68289943402237, -292.6801956655035, -292.73116079601743, -288.25497540663383]
VINCOLI DA RISPETTARE

 t_pi   [ 1.          1.          1.          1.          1.          1.          1.
  1.          1.          1.          1.          1.          1.          1.
  1.          1.          1.33333333  1.          1.33333333  1.
  1.33333333  1.          1.          1.          1.          1.          1.
  1.          1.          1.          1.          1.        ]
 t_sp   1.0
 t_a   [[ 1.  1.  1.  1.  1.  1.  1.  1.  1.  1.  1.  1.  1.  1.  1.  1.  1.  1.
   1.  1.  1.  1.  1.  1.  1.  1.  1.  1.  1.  1.  1.  1.]
 [ 1.  1.  1.  1.  1.  1.  1.  1.  1.  1.  1.  1.  1.  1.  1.  1.  1.  1.
   1.  1.  1.  1.  1.  1.  1.  1.  1.  1.  1.  1.  1.  1.]
 [ 1.  1.  1.  1.  1.  1.  1.  1.  1.  1.  1.  1.  1.  1.  1.  1.  1.  1.
   1.  1.  1.  1.  1.  1.  1.  1.  1.  1.  1.  1.  1.  1.]]
 t_bi   [ 1.  1.  1.]
                                                                                                   EPOCA:  12
 E-step  
 M-step 
 LIKELIHOOD
 RUN m step + log_likelihood
 log_likelihood   [-372.78471699951348, -349.46047503472568, -345.76437219804853, -332.46476761138751, -318.22012443697298, -310.330816883328, -298.96278483313438, -299.28594032702665, -292.68289943402237, -292.6801956655035, -292.73116079601743, -288.25497540663383, -293.98726804494788]
VINCOLI DA RISPETTARE

 t_pi   [ 1.          1.          1.          1.          1.          1.          1.
  1.          1.          1.          1.          1.          1.
  1.33333333  1.          1.          1.          1.33333333  1.33333333
  1.          1.          1.33333333  1.33333333  1.          1.          1.
  1.          1.          1.          1.          1.          1.        ]
 t_sp   1.0
 t_a   [[ 1.  1.  1.  1.  1.  1.  1.  1.  1.  1.  1.  1.  1.  1.  1.  1.  1.  1.
   1.  1.  1.  1.  1.  1.  1.  1.  1.  1.  1.  1.  1.  1.]
 [ 1.  1.  1.  1.  1.  1.  1.  1.  1.  1.  1.  1.  1.  1.  1.  1.  1.  1.
   1.  1.  1.  1.  1.  1.  1.  1.  1.  1.  1.  1.  1.  1.]
 [ 1.  1.  1.  1.  1.  1.  1.  1.  1.  1.  1.  1.  1.  1.  1.  1.  1.  1.
   1.  1.  1.  1.  1.  1.  1.  1.  1.  1.  1.  1.  1.  1.]]
 t_bi   [ 1.  1.  1.]
                                                                                                   EPOCA:  13
 E-step  
 M-step 
 LIKELIHOOD
 RUN m step + log_likelihood
 log_likelihood   [-372.78471699951348, -349.46047503472568, -345.76437219804853, -332.46476761138751, -318.22012443697298, -310.330816883328, -298.96278483313438, -299.28594032702665, -292.68289943402237, -292.6801956655035, -292.73116079601743, -288.25497540663383, -293.98726804494788, -284.37746856213533]
VINCOLI DA RISPETTARE

 t_pi   [ 1.          1.          1.          1.          1.          1.          1.
  1.          1.          1.33333333  1.          1.          1.33333333
  1.          1.          1.          1.66666667  1.          1.33333333
  1.          1.66666667  1.          1.          1.          1.          1.
  1.          1.          1.          1.          1.          1.        ]
 t_sp   1.0
 t_a   [[ 1.  1.  1.  1.  1.  1.  1.  1.  1.  1.  1.  1.  1.  1.  1.  1.  1.  1.
   1.  1.  1.  1.  1.  1.  1.  1.  1.  1.  1.  1.  1.  1.]
 [ 1.  1.  1.  1.  1.  1.  1.  1.  1.  1.  1.  1.  1.  1.  1.  1.  1.  1.
   1.  1.  1.  1.  1.  1.  1.  1.  1.  1.  1.  1.  1.  1.]
 [ 1.  1.  1.  1.  1.  1.  1.  1.  1.  1.  1.  1.  1.  1.  1.  1.  1.  1.
   1.  1.  1.  1.  1.  1.  1.  1.  1.  1.  1.  1.  1.  1.]]
 t_bi   [ 1.  1.  1.]
                                                                                                   EPOCA:  14
 E-step  
 M-step 
 LIKELIHOOD
 RUN m step + log_likelihood
 log_likelihood   [-372.78471699951348, -349.46047503472568, -345.76437219804853, -332.46476761138751, -318.22012443697298, -310.330816883328, -298.96278483313438, -299.28594032702665, -292.68289943402237, -292.6801956655035, -292.73116079601743, -288.25497540663383, -293.98726804494788, -284.37746856213533, -292.12786026391973]
VINCOLI DA RISPETTARE

 t_pi   [ 1.          1.          1.          1.          1.          1.          1.
  1.          1.33333333  1.          1.33333333  1.66666667  1.33333333
  1.33333333  1.33333333  1.33333333  1.          1.66666667  1.33333333
  1.          1.          1.66666667  1.33333333  1.          1.          1.
  1.          1.          1.          1.          1.          1.        ]
 t_sp   1.0
 t_a   [[ 1.  1.  1.  1.  1.  1.  1.  1.  1.  1.  1.  1.  1.  1.  1.  1.  1.  1.
   1.  1.  1.  1.  1.  1.  1.  1.  1.  1.  1.  1.  1.  1.]
 [ 1.  1.  1.  1.  1.  1.  1.  1.  1.  1.  1.  1.  1.  1.  1.  1.  1.  1.
   1.  1.  1.  1.  1.  1.  1.  1.  1.  1.  1.  1.  1.  1.]
 [ 1.  1.  1.  1.  1.  1.  1.  1.  1.  1.  1.  1.  1.  1.  1.  1.  1.  1.
   1.  1.  1.  1.  1.  1.  1.  1.  1.  1.  1.  1.  1.  1.]]
 t_bi   [ 1.  1.  1.]
                                                                                                   EPOCA:  15
 E-step  
 M-step 
 LIKELIHOOD
 RUN m step + log_likelihood
 log_likelihood   [-372.78471699951348, -349.46047503472568, -345.76437219804853, -332.46476761138751, -318.22012443697298, -310.330816883328, -298.96278483313438, -299.28594032702665, -292.68289943402237, -292.6801956655035, -292.73116079601743, -288.25497540663383, -293.98726804494788, -284.37746856213533, -292.12786026391973, -282.57460323790383]
VINCOLI DA RISPETTARE

 t_pi   [ 1.          1.          1.33333333  1.          1.          1.          1.
  1.          1.          1.66666667  1.33333333  1.          1.33333333
  1.          1.33333333  1.          1.66666667  1.          1.33333333
  1.          1.66666667  1.          1.33333333  1.          1.          1.
  1.          1.          1.          1.          1.          1.        ]
 t_sp   1.0
 t_a   [[ 1.  1.  1.  1.  1.  1.  1.  1.  1.  1.  1.  1.  1.  1.  1.  1.  1.  1.
   1.  1.  1.  1.  1.  1.  1.  1.  1.  1.  1.  1.  1.  1.]
 [ 1.  1.  1.  1.  1.  1.  1.  1.  1.  1.  1.  1.  1.  1.  1.  1.  1.  1.
   1.  1.  1.  1.  1.  1.  1.  1.  1.  1.  1.  1.  1.  1.]
 [ 1.  1.  1.  1.  1.  1.  1.  1.  1.  1.  1.  1.  1.  1.  1.  1.  1.  1.
   1.  1.  1.  1.  1.  1.  1.  1.  1.  1.  1.  1.  1.  1.]]
 t_bi   [ 1.  1.  1.]
                                                                                                   EPOCA:  16
 E-step  
 M-step 
 LIKELIHOOD
 RUN m step + log_likelihood
 log_likelihood   [-372.78471699951348, -349.46047503472568, -345.76437219804853, -332.46476761138751, -318.22012443697298, -310.330816883328, -298.96278483313438, -299.28594032702665, -292.68289943402237, -292.6801956655035, -292.73116079601743, -288.25497540663383, -293.98726804494788, -284.37746856213533, -292.12786026391973, -282.57460323790383, -285.73068106002393]
VINCOLI DA RISPETTARE

 t_pi   [ 1.          1.          1.          1.          1.          1.          1.
  1.          1.66666667  1.          1.33333333  1.66666667  1.33333333
  1.33333333  1.33333333  1.33333333  1.          1.66666667  1.33333333
  1.          1.          1.66666667  1.33333333  1.          1.          1.
  1.          1.          1.          1.          1.          1.        ]
 t_sp   1.0
 t_a   [[ 1.  1.  1.  1.  1.  1.  1.  1.  1.  1.  1.  1.  1.  1.  1.  1.  1.  1.
   1.  1.  1.  1.  1.  1.  1.  1.  1.  1.  1.  1.  1.  1.]
 [ 1.  1.  1.  1.  1.  1.  1.  1.  1.  1.  1.  1.  1.  1.  1.  1.  1.  1.
   1.  1.  1.  1.  1.  1.  1.  1.  1.  1.  1.  1.  1.  1.]
 [ 1.  1.  1.  1.  1.  1.  1.  1.  1.  1.  1.  1.  1.  1.  1.  1.  1.  1.
   1.  1.  1.  1.  1.  1.  1.  1.  1.  1.  1.  1.  1.  1.]]
 t_bi   [ 1.  1.  1.]
[-372.78471699951348, -349.46047503472568, -345.76437219804853, -332.46476761138751, -318.22012443697298, -310.330816883328, -298.96278483313438, -299.28594032702665, -292.68289943402237, -292.6801956655035, -292.73116079601743, -288.25497540663383, -293.98726804494788, -284.37746856213533, -292.12786026391973, -282.57460323790383, -285.73068106002393]
