[[[ 1.15985243  0.44667535  0.20015647  1.05756661  0.88777043  1.63035077
    0.85501837  0.61424879  0.70901147  0.          0.          0.          0.
    0.          0.          0.          0.          0.          0.          0.
    0.          0.          0.          0.          0.          0.          0.
    0.          0.          0.          0.          0.        ]
  [ 0.81552132  1.68428328  0.24139519  0.32081282  0.46547486  1.01446866
    0.77289448  2.37563016  0.81359473  0.          0.          0.          0.
    0.          0.          0.          0.          0.          0.          0.
    0.          0.          0.          0.          0.          0.          0.
    0.          0.          0.          0.          0.        ]
  [ 0.84770443  1.03531335  2.84208533  1.44189596  1.59878478  0.37139012
    1.25700134  0.39366006  1.04152449  0.          0.          0.          0.
    0.          0.          0.          0.          0.          0.          0.
    0.          0.          0.          0.          0.          0.          0.
    0.          0.          0.          0.          0.        ]]

 [[ 0.84637399  0.19175334  0.          0.          0.          0.          0.
    0.          0.          0.          0.          0.          0.          0.
    0.          0.          0.          0.          0.          0.          0.
    0.          0.          0.          0.          0.          0.          0.
    0.          0.          0.          0.        ]
  [ 1.20092941  1.99421499  0.          0.          0.          0.          0.
    0.          0.          0.          0.          0.          0.          0.
    0.          0.          0.          0.          0.          0.          0.
    0.          0.          0.          0.          0.          0.          0.
    0.          0.          0.          0.        ]
  [ 0.90679481  1.1764629   0.          0.          0.          0.          0.
    0.          0.          0.          0.          0.          0.          0.
    0.          0.          0.          0.          0.          0.          0.
    0.          0.          0.          0.          0.          0.          0.
    0.          0.          0.          0.        ]]

 [[ 1.25275359  1.21868159  0.          0.          0.          0.          0.
    0.          0.          0.          0.          0.          0.          0.
    0.          0.          0.          0.          0.          0.          0.
    0.          0.          0.          0.          0.          0.          0.
    0.          0.          0.          0.        ]
  [ 1.62825708  0.43668392  0.          0.          0.          0.          0.
    0.          0.          0.          0.          0.          0.          0.
    0.          0.          0.          0.          0.          0.          0.
    0.          0.          0.          0.          0.          0.          0.
    0.          0.          0.          0.        ]
  [ 0.18531428  0.89955979  0.          0.          0.          0.          0.
    0.          0.          0.          0.          0.          0.          0.
    0.          0.          0.          0.          0.          0.          0.
    0.          0.          0.          0.          0.          0.          0.
    0.          0.          0.          0.        ]]

 [[ 0.          0.          0.          0.          0.          0.          0.
    0.          0.          0.          0.          0.          0.          0.
    0.          0.          0.          0.          0.          0.          0.
    0.          0.          0.          0.          0.          0.          0.
    0.          0.          0.          0.        ]
  [ 0.          0.          0.          0.          0.          0.          0.
    0.          0.          0.          0.          0.          0.          0.
    0.          0.          0.          0.          0.          0.          0.
    0.          0.          0.          0.          0.          0.          0.
    0.          0.          0.          0.        ]
  [ 0.          0.          0.          0.          0.          0.          0.
    0.          0.          0.          0.          0.          0.          0.
    0.          0.          0.          0.          0.          0.          0.
    0.          0.          0.          0.          0.          0.          0.
    0.          0.          0.          0.        ]]

 [[ 0.          0.          0.          0.          0.          0.          0.
    0.          0.          0.          0.          0.          0.          0.
    0.          0.          0.          0.          0.          0.          0.
    0.          0.          0.          0.          0.          0.          0.
    0.          0.          0.          0.        ]
  [ 0.          0.          0.          0.          0.          0.          0.
    0.          0.          0.          0.          0.          0.          0.
    0.          0.          0.          0.          0.          0.          0.
    0.          0.          0.          0.          0.          0.          0.
    0.          0.          0.          0.        ]
  [ 0.          0.          0.          0.          0.          0.          0.
    0.          0.          0.          0.          0.          0.          0.
    0.          0.          0.          0.          0.          0.          0.
    0.          0.          0.          0.          0.          0.          0.
    0.          0.          0.          0.        ]]

 [[ 0.          0.          0.          0.          0.          0.          0.
    0.          0.          0.          0.          0.          0.          0.
    0.          0.          0.          0.          0.          0.          0.
    0.          0.          0.          0.          0.          0.          0.
    0.          0.          0.          0.        ]
  [ 0.          0.          0.          0.          0.          0.          0.
    0.          0.          0.          0.          0.          0.          0.
    0.          0.          0.          0.          0.          0.          0.
    0.          0.          0.          0.          0.          0.          0.
    0.          0.          0.          0.        ]
  [ 0.          0.          0.          0.          0.          0.          0.
    0.          0.          0.          0.          0.          0.          0.
    0.          0.          0.          0.          0.          0.          0.
    0.          0.          0.          0.          0.          0.          0.
    0.          0.          0.          0.        ]]

 [[ 0.          0.          0.          0.          0.          0.          0.
    0.          0.          0.          0.          0.          0.          0.
    0.          0.          0.          0.          0.          0.          0.
    0.          0.          0.          0.          0.          0.          0.
    0.          0.          0.          0.        ]
  [ 0.          0.          0.          0.          0.          0.          0.
    0.          0.          0.          0.          0.          0.          0.
    0.          0.          0.          0.          0.          0.          0.
    0.          0.          0.          0.          0.          0.          0.
    0.          0.          0.          0.        ]
  [ 0.          0.          0.          0.          0.          0.          0.
    0.          0.          0.          0.          0.          0.          0.
    0.          0.          0.          0.          0.          0.          0.
    0.          0.          0.          0.          0.          0.          0.
    0.          0.          0.          0.        ]]

 [[ 0.          0.          0.          0.          0.          0.          0.
    0.          0.          0.          0.          0.          0.          0.
    0.          0.          0.          0.          0.          0.          0.
    0.          0.          0.          0.          0.          0.          0.
    0.          0.          0.          0.        ]
  [ 0.          0.          0.          0.          0.          0.          0.
    0.          0.          0.          0.          0.          0.          0.
    0.          0.          0.          0.          0.          0.          0.
    0.          0.          0.          0.          0.          0.          0.
    0.          0.          0.          0.        ]
  [ 0.          0.          0.          0.          0.          0.          0.
    0.          0.          0.          0.          0.          0.          0.
    0.          0.          0.          0.          0.          0.          0.
    0.          0.          0.          0.          0.          0.          0.
    0.          0.          0.          0.        ]]

 [[ 0.          0.          0.          0.          0.          0.          0.
    0.          0.          0.          0.          0.          0.          0.
    0.          0.          0.          0.          0.          0.          0.
    0.          0.          0.          0.          0.          0.          0.
    0.          0.          0.          0.        ]
  [ 0.          0.          0.          0.          0.          0.          0.
    0.          0.          0.          0.          0.          0.          0.
    0.          0.          0.          0.          0.          0.          0.
    0.          0.          0.          0.          0.          0.          0.
    0.          0.          0.          0.        ]
  [ 0.          0.          0.          0.          0.          0.          0.
    0.          0.          0.          0.          0.          0.          0.
    0.          0.          0.          0.          0.          0.          0.
    0.          0.          0.          0.          0.          0.          0.
    0.          0.          0.          0.        ]]

 [[ 0.          0.          0.          0.          0.          0.          0.
    0.          0.          0.          0.          0.          0.          0.
    0.          0.          0.          0.          0.          0.          0.
    0.          0.          0.          0.          0.          0.          0.
    0.          0.          0.          0.        ]
  [ 0.          0.          0.          0.          0.          0.          0.
    0.          0.          0.          0.          0.          0.          0.
    0.          0.          0.          0.          0.          0.          0.
    0.          0.          0.          0.          0.          0.          0.
    0.          0.          0.          0.        ]
  [ 0.          0.          0.          0.          0.          0.          0.
    0.          0.          0.          0.          0.          0.          0.
    0.          0.          0.          0.          0.          0.          0.
    0.          0.          0.          0.          0.          0.          0.
    0.          0.          0.          0.        ]]

 [[ 0.          0.          0.          0.          0.          0.          0.
    0.          0.          0.          0.          0.          0.          0.
    0.          0.          0.          0.          0.          0.          0.
    0.          0.          0.          0.          0.          0.          0.
    0.          0.          0.          0.        ]
  [ 0.          0.          0.          0.          0.          0.          0.
    0.          0.          0.          0.          0.          0.          0.
    0.          0.          0.          0.          0.          0.          0.
    0.          0.          0.          0.          0.          0.          0.
    0.          0.          0.          0.        ]
  [ 0.          0.          0.          0.          0.          0.          0.
    0.          0.          0.          0.          0.          0.          0.
    0.          0.          0.          0.          0.          0.          0.
    0.          0.          0.          0.          0.          0.          0.
    0.          0.          0.          0.        ]]

 [[ 0.          0.          0.          0.          0.          0.          0.
    0.          0.          0.          0.          0.          0.          0.
    0.          0.          0.          0.          0.          0.          0.
    0.          0.          0.          0.          0.          0.          0.
    0.          0.          0.          0.        ]
  [ 0.          0.          0.          0.          0.          0.          0.
    0.          0.          0.          0.          0.          0.          0.
    0.          0.          0.          0.          0.          0.          0.
    0.          0.          0.          0.          0.          0.          0.
    0.          0.          0.          0.        ]
  [ 0.          0.          0.          0.          0.          0.          0.
    0.          0.          0.          0.          0.          0.          0.
    0.          0.          0.          0.          0.          0.          0.
    0.          0.          0.          0.          0.          0.          0.
    0.          0.          0.          0.        ]]

 [[ 0.          0.          0.          0.          0.          0.          0.
    0.          0.          0.          0.          0.          0.          0.
    0.          0.          0.          0.          0.          0.          0.
    0.          0.          0.          0.          0.          0.          0.
    0.          0.          0.          0.        ]
  [ 0.          0.          0.          0.          0.          0.          0.
    0.          0.          0.          0.          0.          0.          0.
    0.          0.          0.          0.          0.          0.          0.
    0.          0.          0.          0.          0.          0.          0.
    0.          0.          0.          0.        ]
  [ 0.          0.          0.          0.          0.          0.          0.
    0.          0.          0.          0.          0.          0.          0.
    0.          0.          0.          0.          0.          0.          0.
    0.          0.          0.          0.          0.          0.          0.
    0.          0.          0.          0.        ]]

 [[ 0.          0.          0.          0.          0.          0.          0.
    0.          0.          0.          0.          0.          0.          0.
    0.          0.          0.          0.          0.          0.          0.
    0.          0.          0.          0.          0.          0.          0.
    0.          0.          0.          0.        ]
  [ 0.          0.          0.          0.          0.          0.          0.
    0.          0.          0.          0.          0.          0.          0.
    0.          0.          0.          0.          0.          0.          0.
    0.          0.          0.          0.          0.          0.          0.
    0.          0.          0.          0.        ]
  [ 0.          0.          0.          0.          0.          0.          0.
    0.          0.          0.          0.          0.          0.          0.
    0.          0.          0.          0.          0.          0.          0.
    0.          0.          0.          0.          0.          0.          0.
    0.          0.          0.          0.        ]]]
[[[ 2.90796483  1.63224856  0.47643402  1.08208809  0.02466883  1.82886135
    0.89407531  0.087655    0.26423116  0.          0.          0.          0.
    0.          0.          0.          0.          0.          0.          0.
    0.          0.          0.          0.          0.          0.          0.
    0.          0.          0.          0.          0.        ]
  [ 0.36986178  0.78558176  0.20369554  0.97637154  1.97697914  0.37640119
    1.6821548   1.04856903  0.8102429   0.          0.          0.          0.
    0.          0.          0.          0.          0.          0.          0.
    0.          0.          0.          0.          0.          0.          0.
    0.          0.          0.          0.          0.        ]
  [ 0.45085742  0.21801078  1.90493227  0.59414688  1.37016278  0.38718552
    0.51599737  2.4626602   1.89471528  0.          0.          0.          0.
    0.          0.          0.          0.          0.          0.          0.
    0.          0.          0.          0.          0.          0.          0.
    0.          0.          0.          0.          0.        ]]

 [[ 3.53014273  0.01087706  0.          0.          0.          0.          0.
    0.          0.          0.          0.          0.          0.          0.
    0.          0.          0.          0.          0.          0.          0.
    0.          0.          0.          0.          0.          0.          0.
    0.          0.          0.          0.        ]
  [ 0.41385456  2.66046919  0.          0.          0.          0.          0.
    0.          0.          0.          0.          0.          0.          0.
    0.          0.          0.          0.          0.          0.          0.
    0.          0.          0.          0.          0.          0.          0.
    0.          0.          0.          0.        ]
  [ 0.08630839  0.16752468  0.          0.          0.          0.          0.
    0.          0.          0.          0.          0.          0.          0.
    0.          0.          0.          0.          0.          0.          0.
    0.          0.          0.          0.          0.          0.          0.
    0.          0.          0.          0.        ]]

 [[ 2.92705841  1.41144767  0.          0.          0.          0.          0.
    0.          0.          0.          0.          0.          0.          0.
    0.          0.          0.          0.          0.          0.          0.
    0.          0.          0.          0.          0.          0.          0.
    0.          0.          0.          0.        ]
  [ 0.45396563  1.06466907  0.          0.          0.          0.          0.
    0.          0.          0.          0.          0.          0.          0.
    0.          0.          0.          0.          0.          0.          0.
    0.          0.          0.          0.          0.          0.          0.
    0.          0.          0.          0.        ]
  [ 0.33774138  0.17767638  0.          0.          0.          0.          0.
    0.          0.          0.          0.          0.          0.          0.
    0.          0.          0.          0.          0.          0.          0.
    0.          0.          0.          0.          0.          0.          0.
    0.          0.          0.          0.        ]]

 [[ 0.          0.          0.          0.          0.          0.          0.
    0.          0.          0.          0.          0.          0.          0.
    0.          0.          0.          0.          0.          0.          0.
    0.          0.          0.          0.          0.          0.          0.
    0.          0.          0.          0.        ]
  [ 0.          0.          0.          0.          0.          0.          0.
    0.          0.          0.          0.          0.          0.          0.
    0.          0.          0.          0.          0.          0.          0.
    0.          0.          0.          0.          0.          0.          0.
    0.          0.          0.          0.        ]
  [ 0.          0.          0.          0.          0.          0.          0.
    0.          0.          0.          0.          0.          0.          0.
    0.          0.          0.          0.          0.          0.          0.
    0.          0.          0.          0.          0.          0.          0.
    0.          0.          0.          0.        ]]

 [[ 0.          0.          0.          0.          0.          0.          0.
    0.          0.          0.          0.          0.          0.          0.
    0.          0.          0.          0.          0.          0.          0.
    0.          0.          0.          0.          0.          0.          0.
    0.          0.          0.          0.        ]
  [ 0.          0.          0.          0.          0.          0.          0.
    0.          0.          0.          0.          0.          0.          0.
    0.          0.          0.          0.          0.          0.          0.
    0.          0.          0.          0.          0.          0.          0.
    0.          0.          0.          0.        ]
  [ 0.          0.          0.          0.          0.          0.          0.
    0.          0.          0.          0.          0.          0.          0.
    0.          0.          0.          0.          0.          0.          0.
    0.          0.          0.          0.          0.          0.          0.
    0.          0.          0.          0.        ]]

 [[ 0.          0.          0.          0.          0.          0.          0.
    0.          0.          0.          0.          0.          0.          0.
    0.          0.          0.          0.          0.          0.          0.
    0.          0.          0.          0.          0.          0.          0.
    0.          0.          0.          0.        ]
  [ 0.          0.          0.          0.          0.          0.          0.
    0.          0.          0.          0.          0.          0.          0.
    0.          0.          0.          0.          0.          0.          0.
    0.          0.          0.          0.          0.          0.          0.
    0.          0.          0.          0.        ]
  [ 0.          0.          0.          0.          0.          0.          0.
    0.          0.          0.          0.          0.          0.          0.
    0.          0.          0.          0.          0.          0.          0.
    0.          0.          0.          0.          0.          0.          0.
    0.          0.          0.          0.        ]]

 [[ 0.          0.          0.          0.          0.          0.          0.
    0.          0.          0.          0.          0.          0.          0.
    0.          0.          0.          0.          0.          0.          0.
    0.          0.          0.          0.          0.          0.          0.
    0.          0.          0.          0.        ]
  [ 0.          0.          0.          0.          0.          0.          0.
    0.          0.          0.          0.          0.          0.          0.
    0.          0.          0.          0.          0.          0.          0.
    0.          0.          0.          0.          0.          0.          0.
    0.          0.          0.          0.        ]
  [ 0.          0.          0.          0.          0.          0.          0.
    0.          0.          0.          0.          0.          0.          0.
    0.          0.          0.          0.          0.          0.          0.
    0.          0.          0.          0.          0.          0.          0.
    0.          0.          0.          0.        ]]

 [[ 0.          0.          0.          0.          0.          0.          0.
    0.          0.          0.          0.          0.          0.          0.
    0.          0.          0.          0.          0.          0.          0.
    0.          0.          0.          0.          0.          0.          0.
    0.          0.          0.          0.        ]
  [ 0.          0.          0.          0.          0.          0.          0.
    0.          0.          0.          0.          0.          0.          0.
    0.          0.          0.          0.          0.          0.          0.
    0.          0.          0.          0.          0.          0.          0.
    0.          0.          0.          0.        ]
  [ 0.          0.          0.          0.          0.          0.          0.
    0.          0.          0.          0.          0.          0.          0.
    0.          0.          0.          0.          0.          0.          0.
    0.          0.          0.          0.          0.          0.          0.
    0.          0.          0.          0.        ]]

 [[ 0.          0.          0.          0.          0.          0.          0.
    0.          0.          0.          0.          0.          0.          0.
    0.          0.          0.          0.          0.          0.          0.
    0.          0.          0.          0.          0.          0.          0.
    0.          0.          0.          0.        ]
  [ 0.          0.          0.          0.          0.          0.          0.
    0.          0.          0.          0.          0.          0.          0.
    0.          0.          0.          0.          0.          0.          0.
    0.          0.          0.          0.          0.          0.          0.
    0.          0.          0.          0.        ]
  [ 0.          0.          0.          0.          0.          0.          0.
    0.          0.          0.          0.          0.          0.          0.
    0.          0.          0.          0.          0.          0.          0.
    0.          0.          0.          0.          0.          0.          0.
    0.          0.          0.          0.        ]]

 [[ 0.          0.          0.          0.          0.          0.          0.
    0.          0.          0.          0.          0.          0.          0.
    0.          0.          0.          0.          0.          0.          0.
    0.          0.          0.          0.          0.          0.          0.
    0.          0.          0.          0.        ]
  [ 0.          0.          0.          0.          0.          0.          0.
    0.          0.          0.          0.          0.          0.          0.
    0.          0.          0.          0.          0.          0.          0.
    0.          0.          0.          0.          0.          0.          0.
    0.          0.          0.          0.        ]
  [ 0.          0.          0.          0.          0.          0.          0.
    0.          0.          0.          0.          0.          0.          0.
    0.          0.          0.          0.          0.          0.          0.
    0.          0.          0.          0.          0.          0.          0.
    0.          0.          0.          0.        ]]

 [[ 0.          0.          0.          0.          0.          0.          0.
    0.          0.          0.          0.          0.          0.          0.
    0.          0.          0.          0.          0.          0.          0.
    0.          0.          0.          0.          0.          0.          0.
    0.          0.          0.          0.        ]
  [ 0.          0.          0.          0.          0.          0.          0.
    0.          0.          0.          0.          0.          0.          0.
    0.          0.          0.          0.          0.          0.          0.
    0.          0.          0.          0.          0.          0.          0.
    0.          0.          0.          0.        ]
  [ 0.          0.          0.          0.          0.          0.          0.
    0.          0.          0.          0.          0.          0.          0.
    0.          0.          0.          0.          0.          0.          0.
    0.          0.          0.          0.          0.          0.          0.
    0.          0.          0.          0.        ]]

 [[ 0.          0.          0.          0.          0.          0.          0.
    0.          0.          0.          0.          0.          0.          0.
    0.          0.          0.          0.          0.          0.          0.
    0.          0.          0.          0.          0.          0.          0.
    0.          0.          0.          0.        ]
  [ 0.          0.          0.          0.          0.          0.          0.
    0.          0.          0.          0.          0.          0.          0.
    0.          0.          0.          0.          0.          0.          0.
    0.          0.          0.          0.          0.          0.          0.
    0.          0.          0.          0.        ]
  [ 0.          0.          0.          0.          0.          0.          0.
    0.          0.          0.          0.          0.          0.          0.
    0.          0.          0.          0.          0.          0.          0.
    0.          0.          0.          0.          0.          0.          0.
    0.          0.          0.          0.        ]]

 [[ 0.          0.          0.          0.          0.          0.          0.
    0.          0.          0.          0.          0.          0.          0.
    0.          0.          0.          0.          0.          0.          0.
    0.          0.          0.          0.          0.          0.          0.
    0.          0.          0.          0.        ]
  [ 0.          0.          0.          0.          0.          0.          0.
    0.          0.          0.          0.          0.          0.          0.
    0.          0.          0.          0.          0.          0.          0.
    0.          0.          0.          0.          0.          0.          0.
    0.          0.          0.          0.        ]
  [ 0.          0.          0.          0.          0.          0.          0.
    0.          0.          0.          0.          0.          0.          0.
    0.          0.          0.          0.          0.          0.          0.
    0.          0.          0.          0.          0.          0.          0.
    0.          0.          0.          0.        ]]

 [[ 0.          0.          0.          0.          0.          0.          0.
    0.          0.          0.          0.          0.          0.          0.
    0.          0.          0.          0.          0.          0.          0.
    0.          0.          0.          0.          0.          0.          0.
    0.          0.          0.          0.        ]
  [ 0.          0.          0.          0.          0.          0.          0.
    0.          0.          0.          0.          0.          0.          0.
    0.          0.          0.          0.          0.          0.          0.
    0.          0.          0.          0.          0.          0.          0.
    0.          0.          0.          0.        ]
  [ 0.          0.          0.          0.          0.          0.          0.
    0.          0.          0.          0.          0.          0.          0.
    0.          0.          0.          0.          0.          0.          0.
    0.          0.          0.          0.          0.          0.          0.
    0.          0.          0.          0.        ]]]
[[[ 0.89700333  0.63240637  1.02146127  0.11755005  1.09046374  1.17374507
    0.05356383  0.02534467  0.34171176  0.          0.          0.          0.
    0.          0.          0.          0.          0.          0.          0.
    0.          0.          0.          0.          0.          0.          0.
    0.          0.          0.          0.          0.        ]
  [ 1.52158631  1.92009904  0.25119665  1.80834273  0.58432948  1.2740073
    1.92087499  1.62884512  0.18432823  0.          0.          0.          0.
    0.          0.          0.          0.          0.          0.          0.
    0.          0.          0.          0.          0.          0.          0.
    0.          0.          0.          0.          0.        ]
  [ 0.42212737  0.53788063  2.04417147  0.95618293  0.7578019   0.45216526
    1.61115082  2.20231724  2.13029773  0.          0.          0.          0.
    0.          0.          0.          0.          0.          0.          0.
    0.          0.          0.          0.          0.          0.          0.
    0.          0.          0.          0.          0.        ]]

 [[ 0.92130868  0.38684905  0.          0.          0.          0.          0.
    0.          0.          0.          0.          0.          0.          0.
    0.          0.          0.          0.          0.          0.          0.
    0.          0.          0.          0.          0.          0.          0.
    0.          0.          0.          0.        ]
  [ 1.37802828  0.33240759  0.          0.          0.          0.          0.
    0.          0.          0.          0.          0.          0.          0.
    0.          0.          0.          0.          0.          0.          0.
    0.          0.          0.          0.          0.          0.          0.
    0.          0.          0.          0.        ]
  [ 0.5799287   1.33377394  0.          0.          0.          0.          0.
    0.          0.          0.          0.          0.          0.          0.
    0.          0.          0.          0.          0.          0.          0.
    0.          0.          0.          0.          0.          0.          0.
    0.          0.          0.          0.        ]]

 [[ 1.00125233  0.49219215  0.          0.          0.          0.          0.
    0.          0.          0.          0.          0.          0.          0.
    0.          0.          0.          0.          0.          0.          0.
    0.          0.          0.          0.          0.          0.          0.
    0.          0.          0.          0.        ]
  [ 1.25639788  0.46124317  0.          0.          0.          0.          0.
    0.          0.          0.          0.          0.          0.          0.
    0.          0.          0.          0.          0.          0.          0.
    0.          0.          0.          0.          0.          0.          0.
    0.          0.          0.          0.        ]
  [ 0.6645874   1.22175506  0.          0.          0.          0.          0.
    0.          0.          0.          0.          0.          0.          0.
    0.          0.          0.          0.          0.          0.          0.
    0.          0.          0.          0.          0.          0.          0.
    0.          0.          0.          0.        ]]

 [[ 0.          0.          0.          0.          0.          0.          0.
    0.          0.          0.          0.          0.          0.          0.
    0.          0.          0.          0.          0.          0.          0.
    0.          0.          0.          0.          0.          0.          0.
    0.          0.          0.          0.        ]
  [ 0.          0.          0.          0.          0.          0.          0.
    0.          0.          0.          0.          0.          0.          0.
    0.          0.          0.          0.          0.          0.          0.
    0.          0.          0.          0.          0.          0.          0.
    0.          0.          0.          0.        ]
  [ 0.          0.          0.          0.          0.          0.          0.
    0.          0.          0.          0.          0.          0.          0.
    0.          0.          0.          0.          0.          0.          0.
    0.          0.          0.          0.          0.          0.          0.
    0.          0.          0.          0.        ]]

 [[ 0.          0.          0.          0.          0.          0.          0.
    0.          0.          0.          0.          0.          0.          0.
    0.          0.          0.          0.          0.          0.          0.
    0.          0.          0.          0.          0.          0.          0.
    0.          0.          0.          0.        ]
  [ 0.          0.          0.          0.          0.          0.          0.
    0.          0.          0.          0.          0.          0.          0.
    0.          0.          0.          0.          0.          0.          0.
    0.          0.          0.          0.          0.          0.          0.
    0.          0.          0.          0.        ]
  [ 0.          0.          0.          0.          0.          0.          0.
    0.          0.          0.          0.          0.          0.          0.
    0.          0.          0.          0.          0.          0.          0.
    0.          0.          0.          0.          0.          0.          0.
    0.          0.          0.          0.        ]]

 [[ 0.          0.          0.          0.          0.          0.          0.
    0.          0.          0.          0.          0.          0.          0.
    0.          0.          0.          0.          0.          0.          0.
    0.          0.          0.          0.          0.          0.          0.
    0.          0.          0.          0.        ]
  [ 0.          0.          0.          0.          0.          0.          0.
    0.          0.          0.          0.          0.          0.          0.
    0.          0.          0.          0.          0.          0.          0.
    0.          0.          0.          0.          0.          0.          0.
    0.          0.          0.          0.        ]
  [ 0.          0.          0.          0.          0.          0.          0.
    0.          0.          0.          0.          0.          0.          0.
    0.          0.          0.          0.          0.          0.          0.
    0.          0.          0.          0.          0.          0.          0.
    0.          0.          0.          0.        ]]

 [[ 0.          0.          0.          0.          0.          0.          0.
    0.          0.          0.          0.          0.          0.          0.
    0.          0.          0.          0.          0.          0.          0.
    0.          0.          0.          0.          0.          0.          0.
    0.          0.          0.          0.        ]
  [ 0.          0.          0.          0.          0.          0.          0.
    0.          0.          0.          0.          0.          0.          0.
    0.          0.          0.          0.          0.          0.          0.
    0.          0.          0.          0.          0.          0.          0.
    0.          0.          0.          0.        ]
  [ 0.          0.          0.          0.          0.          0.          0.
    0.          0.          0.          0.          0.          0.          0.
    0.          0.          0.          0.          0.          0.          0.
    0.          0.          0.          0.          0.          0.          0.
    0.          0.          0.          0.        ]]

 [[ 0.          0.          0.          0.          0.          0.          0.
    0.          0.          0.          0.          0.          0.          0.
    0.          0.          0.          0.          0.          0.          0.
    0.          0.          0.          0.          0.          0.          0.
    0.          0.          0.          0.        ]
  [ 0.          0.          0.          0.          0.          0.          0.
    0.          0.          0.          0.          0.          0.          0.
    0.          0.          0.          0.          0.          0.          0.
    0.          0.          0.          0.          0.          0.          0.
    0.          0.          0.          0.        ]
  [ 0.          0.          0.          0.          0.          0.          0.
    0.          0.          0.          0.          0.          0.          0.
    0.          0.          0.          0.          0.          0.          0.
    0.          0.          0.          0.          0.          0.          0.
    0.          0.          0.          0.        ]]

 [[ 0.          0.          0.          0.          0.          0.          0.
    0.          0.          0.          0.          0.          0.          0.
    0.          0.          0.          0.          0.          0.          0.
    0.          0.          0.          0.          0.          0.          0.
    0.          0.          0.          0.        ]
  [ 0.          0.          0.          0.          0.          0.          0.
    0.          0.          0.          0.          0.          0.          0.
    0.          0.          0.          0.          0.          0.          0.
    0.          0.          0.          0.          0.          0.          0.
    0.          0.          0.          0.        ]
  [ 0.          0.          0.          0.          0.          0.          0.
    0.          0.          0.          0.          0.          0.          0.
    0.          0.          0.          0.          0.          0.          0.
    0.          0.          0.          0.          0.          0.          0.
    0.          0.          0.          0.        ]]

 [[ 0.          0.          0.          0.          0.          0.          0.
    0.          0.          0.          0.          0.          0.          0.
    0.          0.          0.          0.          0.          0.          0.
    0.          0.          0.          0.          0.          0.          0.
    0.          0.          0.          0.        ]
  [ 0.          0.          0.          0.          0.          0.          0.
    0.          0.          0.          0.          0.          0.          0.
    0.          0.          0.          0.          0.          0.          0.
    0.          0.          0.          0.          0.          0.          0.
    0.          0.          0.          0.        ]
  [ 0.          0.          0.          0.          0.          0.          0.
    0.          0.          0.          0.          0.          0.          0.
    0.          0.          0.          0.          0.          0.          0.
    0.          0.          0.          0.          0.          0.          0.
    0.          0.          0.          0.        ]]

 [[ 0.          0.          0.          0.          0.          0.          0.
    0.          0.          0.          0.          0.          0.          0.
    0.          0.          0.          0.          0.          0.          0.
    0.          0.          0.          0.          0.          0.          0.
    0.          0.          0.          0.        ]
  [ 0.          0.          0.          0.          0.          0.          0.
    0.          0.          0.          0.          0.          0.          0.
    0.          0.          0.          0.          0.          0.          0.
    0.          0.          0.          0.          0.          0.          0.
    0.          0.          0.          0.        ]
  [ 0.          0.          0.          0.          0.          0.          0.
    0.          0.          0.          0.          0.          0.          0.
    0.          0.          0.          0.          0.          0.          0.
    0.          0.          0.          0.          0.          0.          0.
    0.          0.          0.          0.        ]]

 [[ 0.          0.          0.          0.          0.          0.          0.
    0.          0.          0.          0.          0.          0.          0.
    0.          0.          0.          0.          0.          0.          0.
    0.          0.          0.          0.          0.          0.          0.
    0.          0.          0.          0.        ]
  [ 0.          0.          0.          0.          0.          0.          0.
    0.          0.          0.          0.          0.          0.          0.
    0.          0.          0.          0.          0.          0.          0.
    0.          0.          0.          0.          0.          0.          0.
    0.          0.          0.          0.        ]
  [ 0.          0.          0.          0.          0.          0.          0.
    0.          0.          0.          0.          0.          0.          0.
    0.          0.          0.          0.          0.          0.          0.
    0.          0.          0.          0.          0.          0.          0.
    0.          0.          0.          0.        ]]

 [[ 0.          0.          0.          0.          0.          0.          0.
    0.          0.          0.          0.          0.          0.          0.
    0.          0.          0.          0.          0.          0.          0.
    0.          0.          0.          0.          0.          0.          0.
    0.          0.          0.          0.        ]
  [ 0.          0.          0.          0.          0.          0.          0.
    0.          0.          0.          0.          0.          0.          0.
    0.          0.          0.          0.          0.          0.          0.
    0.          0.          0.          0.          0.          0.          0.
    0.          0.          0.          0.        ]
  [ 0.          0.          0.          0.          0.          0.          0.
    0.          0.          0.          0.          0.          0.          0.
    0.          0.          0.          0.          0.          0.          0.
    0.          0.          0.          0.          0.          0.          0.
    0.          0.          0.          0.        ]]

 [[ 0.          0.          0.          0.          0.          0.          0.
    0.          0.          0.          0.          0.          0.          0.
    0.          0.          0.          0.          0.          0.          0.
    0.          0.          0.          0.          0.          0.          0.
    0.          0.          0.          0.        ]
  [ 0.          0.          0.          0.          0.          0.          0.
    0.          0.          0.          0.          0.          0.          0.
    0.          0.          0.          0.          0.          0.          0.
    0.          0.          0.          0.          0.          0.          0.
    0.          0.          0.          0.        ]
  [ 0.          0.          0.          0.          0.          0.          0.
    0.          0.          0.          0.          0.          0.          0.
    0.          0.          0.          0.          0.          0.          0.
    0.          0.          0.          0.          0.          0.          0.
    0.          0.          0.          0.        ]]]
