7.709543704986572266e-01
7.844398617744445801e-01
8.008298873901367188e-01
7.591286301612854004e-01
7.881742715835571289e-01
8.273859024047851562e-01
8.392116427421569824e-01
8.742738366127014160e-01
8.481327891349792480e-01
8.871369361877441406e-01
8.863070607185363770e-01
8.871369361877441406e-01
8.844398260116577148e-01
8.846473097801208496e-01
9.153527021408081055e-01
9.151452183723449707e-01
9.190871119499206543e-01
9.147303104400634766e-01
9.224066138267517090e-01
9.261410832405090332e-01
9.246888160705566406e-01
9.240663647651672363e-01
9.236514568328857422e-01
